1442 2217 54000 1 4
48.8406 2.39933
48.8587 2.4106
48.837 2.38319
48.8647 2.40417
48.8508 2.39518
48.8407 2.40901
48.8409 2.37835
48.8275 2.38924
48.862 2.40131
48.8454 2.37341
48.8768 2.40522
48.8598 2.39076
48.8507 2.37851
48.862 2.40123
48.8504 2.39903
48.8342 2.38554
48.8517 2.41505
48.837 2.39027
48.8362 2.40037
48.8676 2.39641
48.8425 2.38518
48.8498 2.39913
48.8329 2.38348
48.8475 2.38143
48.8446 2.37787
48.8516 2.39265
48.8714 2.40887
48.8421 2.3764
48.8386 2.39319
48.8397 2.37854
48.8446 2.3725
48.8443 2.40839
48.8459 2.38239
48.8442 2.37892
48.8689 2.40485
48.8538 2.3939
48.8494 2.39614
48.868 2.40335
48.8589 2.40588
48.8483 2.37601
48.8562 2.38286
48.8465 2.40015
48.8336 2.39851
48.8465 2.40959
48.8415 2.38737
48.8504 2.39855
48.8479 2.39636
48.8454 2.40395
48.8403 2.38067
48.8538 2.41464
48.8685 2.39921
48.8354 2.39788
48.853 2.39304
48.856 2.40379
48.8335 2.3821
48.8489 2.41334
48.861 2.3882
48.8528 2.40661
48.8453 2.38826
48.8397 2.39611
48.8443 2.37806
48.833 2.39008
48.839 2.38812
48.8327 2.39985
48.8473 2.38306
48.8548 2.39751
48.8462 2.411
48.8341 2.41092
48.853 2.4106
48.8625 2.39902
48.8542 2.39008
48.8662 2.4034
48.8471 2.41126
48.8644 2.40433
48.8268 2.39237
48.8494 2.40507
48.8515 2.37878
48.8489 2.39606
48.8624 2.40347
48.8506 2.3794
48.8505 2.39058
48.8543 2.41305
48.8646 2.41374
48.856 2.40676
48.8483 2.39751
48.868 2.40169
48.8543 2.39591
48.8413 2.38723
48.865 2.40516
48.8567 2.38205
48.8584 2.38999
48.8394 2.39575
48.8387 2.38957
48.8398 2.37958
48.8406 2.37882
48.8475 2.40623
48.8469 2.37235
48.8473 2.40888
48.8454 2.3702
48.8676 2.40571
48.829 2.38738
48.853 2.39695
48.8404 2.37934
48.8581 2.4046
48.8455 2.37098
48.8272 2.39279
48.8369 2.40937
48.8652 2.40729
48.8665 2.40622
48.8637 2.40768
48.8663 2.409
48.8435 2.38778
48.8333 2.39894
48.85 2.41286
48.8283 2.38869
48.8708 2.40872
48.8504 2.39894
48.8427 2.38589
48.8654 2.40874
48.8474 2.37173
48.8649 2.39724
48.8644 2.40855
48.8447 2.40506
48.845 2.40166
48.8447 2.40574
48.8597 2.40756
48.8587 2.40986
48.854 2.40572
48.8453 2.41432
48.834 2.41133
48.8473 2.38677
48.837 2.39066
48.8395 2.39545
48.8494 2.41517
48.852 2.41513
48.8553 2.40005
48.8665 2.40734
48.8403 2.40069
48.8383 2.39914
48.833 2.3901
48.8497 2.37938
48.8445 2.36935
48.8494 2.38947
48.8538 2.38156
48.832 2.38834
48.8509 2.38422
48.8496 2.38018
48.8353 2.40666
48.842 2.40228
48.8671 2.40887
48.833 2.39025
48.8326 2.39657
48.8407 2.40925
48.8339 2.38756
48.8473 2.3991
48.8601 2.40636
48.8473 2.39687
48.8385 2.3765
48.8508 2.37585
48.8475 2.39672
48.8555 2.40971
48.8349 2.39978
48.8345 2.38061
48.8533 2.37872
48.8444 2.37816
48.8465 2.38714
48.8542 2.41466
48.8605 2.38618
48.8635 2.39728
48.8372 2.39779
48.8494 2.39567
48.8445 2.37222
48.8555 2.38181
48.8691 2.40903
48.8368 2.37814
48.8503 2.383
48.8437 2.41
48.8668 2.41341
48.8461 2.3758
48.8461 2.37572
48.8504 2.37577
48.8668 2.41376
48.8273 2.39021
48.8317 2.3979
48.8524 2.40614
48.8339 2.4068
48.8403 2.39274
48.8565 2.40302
48.8634 2.40514
48.8493 2.3901
48.8576 2.40601
48.8429 2.40168
48.8679 2.40916
48.8436 2.37978
48.8575 2.38696
48.864 2.39885
48.8347 2.3879
48.8374 2.38258
48.8472 2.39366
48.8516 2.39045
48.8504 2.39192
48.8642 2.40042
48.8691 2.40066
48.8339 2.41187
48.8486 2.37858
48.8297 2.38712
48.8509 2.37765
48.8559 2.41031
48.8505 2.38563
48.8346 2.38621
48.8647 2.40868
48.8494 2.40652
48.8602 2.40417
48.8477 2.40643
48.8411 2.41026
48.851 2.39871
48.8403 2.37921
48.8584 2.3894
48.8326 2.38673
48.851 2.37719
48.8463 2.39443
48.8384 2.39872
48.8634 2.41247
48.8318 2.38801
48.8279 2.39478
48.849 2.37646
48.8661 2.40592
48.8398 2.39997
48.8373 2.39122
48.8541 2.38266
48.8606 2.40924
48.8482 2.3992
48.8562 2.38828
48.8637 2.40344
48.8691 2.41324
48.849 2.40923
48.8747 2.40437
48.8429 2.38324
48.8359 2.40569
48.845 2.40196
48.854 2.38234
48.8391 2.3901
48.8572 2.38558
48.8457 2.37203
48.8607 2.38834
48.8506 2.39218
48.8418 2.40939
48.872 2.40422
48.8486 2.39436
48.8619 2.39887
48.8358 2.39627
48.8561 2.40262
48.8518 2.38935
48.8471 2.39945
48.8441 2.38437
48.855 2.39347
48.8452 2.40233
48.8381 2.39963
48.8526 2.38013
48.8634 2.41424
48.8291 2.38959
48.8437 2.38818
48.8691 2.40882
48.8526 2.37657
48.8445 2.40643
48.8622 2.41379
48.8307 2.38634
48.8348 2.40566
48.8555 2.3867
48.8475 2.38158
48.8454 2.38492
48.8468 2.37309
48.8513 2.4111
48.8449 2.37292
48.8471 2.37485
48.8429 2.37072
48.8562 2.40477
48.848 2.39918
48.8555 2.41014
48.8475 2.40895
48.858 2.38758
48.8488 2.3953
48.8512 2.38158
48.8566 2.39444
48.8559 2.40404
48.8538 2.41304
48.8398 2.37912
48.8432 2.38534
48.8276 2.3929
48.8514 2.37973
48.8717 2.40387
48.8712 2.40081
48.8358 2.39961
48.8408 2.40614
48.833 2.40442
48.8308 2.38609
48.8324 2.38694
48.8771 2.40618
48.8489 2.41256
48.8564 2.40355
48.87 2.40682
48.8565 2.40522
48.8754 2.40759
48.8471 2.40623
48.8526 2.37915
48.8651 2.39186
48.8361 2.39218
48.861 2.41287
48.8484 2.38337
48.8405 2.38651
48.8461 2.38586
48.8571 2.40688
48.8432 2.37104
48.8519 2.39371
48.8595 2.40509
48.8484 2.37606
48.8494 2.38517
48.8582 2.38645
48.8656 2.39321
48.8463 2.3821
48.8343 2.41055
48.8566 2.38227
48.8334 2.38231
48.8359 2.39594
48.8401 2.40447
48.8453 2.36833
48.8577 2.40759
48.8479 2.37387
48.8367 2.39843
48.841 2.38953
48.8489 2.37727
48.8607 2.40276
48.8553 2.39511
48.8596 2.4073
48.8541 2.40001
48.8335 2.40211
48.8528 2.4116
48.8556 2.40068
48.8651 2.3986
48.847 2.41405
48.8654 2.3989
48.8443 2.40892
48.8728 2.40392
48.8507 2.37855
48.8643 2.40887
48.8535 2.3927
48.8662 2.40604
48.8707 2.41073
48.8473 2.39893
48.8458 2.37418
48.8639 2.40053
48.848 2.39527
48.8443 2.37245
48.844 2.41393
48.8389 2.40843
48.8342 2.39773
48.8347 2.40058
48.8401 2.40474
48.8571 2.38513
48.8438 2.40199
48.8533 2.37728
48.8658 2.39553
48.8502 2.4045
48.8662 2.39496
48.8489 2.4131
48.8567 2.40926
48.8414 2.40481
48.8572 2.39837
48.8523 2.389
48.849 2.39939
48.8651 2.39833
48.8578 2.39205
48.8493 2.38106
48.8453 2.38101
48.8469 2.39327
48.8455 2.39538
48.8568 2.39687
48.8334 2.40229
48.8359 2.40564
48.8281 2.39225
48.8453 2.37946
48.8424 2.38542
48.8442 2.38425
48.8491 2.39706
48.8509 2.37564
48.8533 2.3942
48.8581 2.40338
48.8443 2.38156
48.8527 2.41095
48.8597 2.4031
48.8456 2.40367
48.8407 2.40738
48.8354 2.39778
48.8675 2.40073
48.8565 2.39418
48.8334 2.38814
48.8479 2.37395
48.8494 2.37961
48.8426 2.38976
48.8355 2.4064
48.8635 2.41433
48.8504 2.38655
48.8343 2.40472
48.8563 2.41022
48.8373 2.40821
48.8351 2.40823
48.8411 2.39889
48.8539 2.41298
48.847 2.41122
48.8585 2.38367
48.8646 2.40912
48.8456 2.37205
48.8566 2.38558
48.8772 2.40655
48.8397 2.39548
48.8702 2.39721
48.8485 2.41316
48.8778 2.40816
48.8291 2.39074
48.8469 2.41508
48.8455 2.39606
48.8695 2.4059
48.8488 2.39933
48.861 2.41404
48.8442 2.41387
48.8443 2.39017
48.8488 2.39653
48.8455 2.37254
48.8366 2.39318
48.8555 2.38964
48.8678 2.39625
48.8489 2.37198
48.8365 2.40405
48.8318 2.39767
48.8623 2.40633
48.8516 2.3846
48.8571 2.39813
48.8466 2.41393
48.8748 2.40476
48.8664 2.4063
48.8626 2.4032
48.8408 2.40586
48.8567 2.39564
48.838 2.38198
48.8525 2.38323
48.8594 2.40333
48.8558 2.3816
48.8318 2.38687
48.8544 2.40066
48.8772 2.40679
48.8505 2.38444
48.8771 2.40691
48.8449 2.4029
48.8569 2.39879
48.8774 2.40738
48.8568 2.38807
48.8529 2.38625
48.8498 2.37701
48.8417 2.40959
48.8516 2.38164
48.8575 2.40999
48.8562 2.41001
48.8558 2.38645
48.8507 2.40738
48.8432 2.3703
48.8501 2.3748
48.8395 2.39614
48.8484 2.41475
48.8533 2.40969
48.8478 2.39057
48.863 2.41508
48.8647 2.40347
48.8323 2.38401
48.8478 2.38053
48.8391 2.38054
48.8649 2.39818
48.854 2.39992
48.8478 2.39582
48.847 2.41108
48.8405 2.39198
48.8453 2.3889
48.8675 2.39885
48.8602 2.40703
48.8474 2.40341
48.8533 2.4148
48.8693 2.40048
48.8389 2.37613
48.8465 2.37964
48.8547 2.38549
48.8342 2.38715
48.8321 2.38733
48.836 2.38446
48.8675 2.40551
48.8459 2.37436
48.8449 2.37859
48.8371 2.39061
48.8272 2.39338
48.8326 2.38981
48.8679 2.41006
48.8646 2.39873
48.8552 2.40147
48.846 2.37232
48.8347 2.38651
48.861 2.41379
48.8404 2.40892
48.8587 2.38958
48.8513 2.38039
48.848 2.39285
48.8408 2.38631
48.8352 2.38734
48.8487 2.40564
48.8655 2.39799
48.8601 2.40387
48.8365 2.39498
48.8716 2.40233
48.8659 2.39932
48.8458 2.38526
48.8471 2.38499
48.8477 2.37709
48.8501 2.37377
48.8403 2.39248
48.8398 2.40437
48.8508 2.39563
48.8352 2.38012
48.8333 2.40575
48.839 2.38926
48.8529 2.40749
48.8556 2.39012
48.8405 2.37929
48.8671 2.41005
48.8494 2.38336
48.8765 2.40722
48.8554 2.40788
48.8365 2.3877
48.8535 2.40586
48.8648 2.40131
48.8444 2.4022
48.8575 2.40184
48.8365 2.41232
48.8534 2.39846
48.8421 2.41073
48.8336 2.38269
48.8398 2.37827
48.8498 2.3962
48.8729 2.4086
48.8447 2.37281
48.8557 2.40428
48.8453 2.3722
48.8698 2.40184
48.8489 2.39558
48.8544 2.39613
48.8448 2.38343
48.8448 2.37238
48.8404 2.37884
48.84 2.39165
48.8628 2.41539
48.865 2.39622
48.8392 2.38786
48.8465 2.41499
48.8441 2.38197
48.8691 2.40996
48.8645 2.3921
48.8349 2.3962
48.8663 2.4088
48.8717 2.40435
48.8489 2.39912
48.8446 2.40603
48.8395 2.38879
48.8444 2.3839
48.8554 2.40529
48.8388 2.37558
48.853 2.38649
48.8561 2.39279
48.869 2.41345
48.8667 2.41292
48.8466 2.40025
48.8491 2.39471
48.8363 2.38683
48.8466 2.39249
48.863 2.41519
48.8646 2.40861
48.8539 2.39648
48.8322 2.38858
48.8347 2.40079
48.8457 2.39341
48.863 2.40271
48.8449 2.4025
48.8479 2.41141
48.8554 2.39993
48.8394 2.39456
48.8569 2.39999
48.8698 2.40898
48.8559 2.3834
48.8624 2.40895
48.8372 2.39059
48.8633 2.40876
48.8315 2.38531
48.8675 2.40573
48.8372 2.40217
48.845 2.38924
48.8491 2.41135
48.8482 2.39434
48.8278 2.39458
48.8366 2.3825
48.8437 2.40233
48.8616 2.39981
48.865 2.39403
48.8411 2.38912
48.8456 2.3712
48.8369 2.39156
48.8672 2.40223
48.8468 2.37202
48.848 2.40642
48.8512 2.40425
48.8559 2.40129
48.8397 2.40019
48.8399 2.38237
48.8343 2.41127
48.8605 2.40683
48.8658 2.39434
48.843 2.39053
48.8647 2.39833
48.8745 2.40314
48.8456 2.38041
48.8489 2.4027
48.8445 2.37903
48.8507 2.37542
48.8377 2.39726
48.8616 2.40175
48.8646 2.40577
48.8517 2.40055
48.8319 2.38817
48.8451 2.37155
48.8504 2.38716
48.8546 2.4134
48.8456 2.37323
48.8405 2.37946
48.8627 2.40666
48.8405 2.37914
48.8453 2.39876
48.8446 2.3691
48.8547 2.41207
48.8642 2.41377
48.8482 2.39908
48.857 2.41119
48.8538 2.38797
48.8375 2.38451
48.8503 2.3829
48.8533 2.41218
48.8576 2.39933
48.8558 2.40213
48.8422 2.38479
48.8297 2.39125
48.8672 2.41104
48.8711 2.40028
48.877 2.40666
48.8361 2.38676
48.8439 2.41435
48.8659 2.40326
48.8681 2.40014
48.8452 2.4124
48.8415 2.37268
48.8662 2.39962
48.8576 2.39216
48.8404 2.37984
48.8564 2.41179
48.8469 2.41389
48.8404 2.37897
48.8645 2.40917
48.8523 2.40403
48.834 2.41062
48.8512 2.38404
48.8444 2.3691
48.8436 2.38294
48.8647 2.3945
48.8331 2.38745
48.8492 2.37475
48.8591 2.38592
48.8512 2.38449
48.8498 2.39553
48.8301 2.40206
48.8553 2.38432
48.8568 2.39598
48.8542 2.37987
48.8651 2.39433
48.8561 2.4055
48.8539 2.40938
48.8678 2.40374
48.8648 2.40474
48.8387 2.38208
48.8575 2.39944
48.8516 2.39986
48.8343 2.40987
48.8647 2.41011
48.8581 2.40463
48.8363 2.3944
48.8607 2.41117
48.8468 2.37226
48.8667 2.39294
48.8557 2.40824
48.8454 2.40922
48.8458 2.37263
48.8339 2.40363
48.8591 2.40212
48.8419 2.41361
48.8483 2.39507
48.8451 2.40205
48.8346 2.39689
48.8426 2.40986
48.8575 2.38688
48.8631 2.41504
48.8597 2.40486
48.8671 2.40903
48.8344 2.41153
48.8589 2.3871
48.8524 2.38908
48.8538 2.3963
48.8454 2.38716
48.8314 2.38752
48.8451 2.40101
48.8585 2.38984
48.8645 2.40816
48.8475 2.4064
48.8489 2.40545
48.8268 2.38945
48.8432 2.37875
48.8281 2.39019
48.845 2.38339
48.8467 2.37206
48.8453 2.39534
48.8713 2.40402
48.8421 2.37675
48.8665 2.39988
48.8633 2.41111
48.8349 2.38464
48.8506 2.37878
48.86 2.40575
48.8372 2.38354
48.8483 2.38055
48.8405 2.40038
48.8635 2.40396
48.851 2.39643
48.8436 2.37053
48.8447 2.40534
48.8565 2.38819
48.8473 2.39572
48.8529 2.3885
48.8661 2.39589
48.8278 2.39374
48.8458 2.37081
48.8484 2.39674
48.8441 2.36889
48.8476 2.39442
48.8479 2.40412
48.85 2.39818
48.8442 2.4141
48.8356 2.40695
48.8407 2.37363
48.8555 2.40121
48.8416 2.40488
48.8397 2.40024
48.843 2.40134
48.8464 2.37006
48.8602 2.38639
48.8392 2.37515
48.851 2.41264
48.868 2.39562
48.8396 2.39696
48.8275 2.39026
48.8481 2.38067
48.8364 2.39304
48.8513 2.37613
48.8357 2.38606
48.8447 2.40573
48.8585 2.40523
48.8587 2.38619
48.8721 2.4045
48.8536 2.41323
48.8443 2.41046
48.8383 2.37617
48.8439 2.41463
48.8491 2.41124
48.8401 2.38164
48.8548 2.3991
48.847 2.37546
48.8381 2.38311
48.8361 2.40899
48.8357 2.38611
48.8376 2.39837
48.85 2.37654
48.8513 2.4109
48.8466 2.41394
48.8498 2.3812
48.8729 2.40845
48.8434 2.37071
48.844 2.37918
48.8394 2.39603
48.8508 2.3756
48.8474 2.38702
48.8548 2.38532
48.8641 2.40692
48.8687 2.39963
48.8587 2.38433
48.8403 2.38816
48.8341 2.387
48.8392 2.40064
48.8475 2.3817
48.8404 2.38662
48.8567 2.38265
48.8497 2.38733
48.8708 2.39923
48.8463 2.38771
48.8413 2.40587
48.8556 2.40062
48.8634 2.41337
48.8681 2.396
48.8753 2.41006
48.8415 2.37518
48.8528 2.39244
48.8576 2.40389
48.8592 2.40458
48.849 2.39201
48.8569 2.39736
48.8692 2.41086
48.8733 2.40128
48.8647 2.40566
48.8648 2.4121
48.8424 2.40111
48.8657 2.39212
48.8455 2.38462
48.8583 2.38989
48.844 2.41437
48.8362 2.39465
48.8647 2.39862
48.8423 2.3978
48.8492 2.39019
48.8644 2.39146
48.8444 2.41049
48.8364 2.41249
48.8306 2.38675
48.8543 2.39791
48.8455 2.37035
48.8467 2.3724
48.8671 2.40824
48.842 2.37165
48.848 2.37381
48.8702 2.40503
48.8474 2.40638
48.877 2.40601
48.83 2.38668
48.8416 2.38691
48.8517 2.407
48.8448 2.38043
48.859 2.38527
48.8729 2.40486
48.8419 2.38648
48.8467 2.38739
48.8349 2.40804
48.841 2.39404
48.8538 2.412
48.8545 2.41443
48.8323 2.40388
48.8638 2.39747
48.8398 2.37841
48.8369 2.39346
48.8614 2.39924
48.8323 2.38336
48.839 2.38981
48.8659 2.39441
48.833 2.38271
48.8635 2.41083
48.8639 2.39164
48.8534 2.3882
48.8697 2.40261
48.8387 2.39624
48.8489 2.40502
48.8674 2.41321
48.8353 2.39277
48.8583 2.38966
48.8396 2.39952
48.8369 2.38207
48.8559 2.39236
48.8639 2.40413
48.8654 2.39489
48.8643 2.40052
48.8489 2.39855
48.8469 2.37386
48.8284 2.38831
48.844 2.36918
48.8636 2.41392
48.8556 2.41083
48.8688 2.4083
48.8474 2.40621
48.8548 2.40088
48.865 2.39555
48.8535 2.41369
48.8433 2.39126
48.8544 2.38405
48.8626 2.41089
48.8382 2.40846
48.837 2.38319
48.8429 2.4023
48.8455 2.37411
48.8633 2.40899
48.8739 2.40341
48.856 2.38623
48.8342 2.41074
48.8448 2.38959
48.8361 2.40904
48.8692 2.40546
48.8452 2.39226
48.8535 2.41078
48.8494 2.3953
48.84 2.39025
48.8651 2.39116
48.8342 2.38722
48.8679 2.40109
48.8651 2.39236
48.8405 2.39945
48.8581 2.38581
48.8501 2.39903
48.8568 2.39713
48.832 2.38829
48.8548 2.41029
48.8295 2.38706
48.8457 2.39805
48.8489 2.40659
48.8533 2.38304
48.8569 2.41422
48.8385 2.37592
48.8372 2.40791
48.8463 2.37739
48.8674 2.40781
48.8302 2.40186
48.8577 2.39227
48.8485 2.39508
48.841 2.39276
48.8642 2.39984
48.8412 2.38585
48.8525 2.4067
48.8648 2.39571
48.869 2.40207
48.8291 2.39028
48.8482 2.40647
48.8492 2.37826
48.844 2.41307
48.8317 2.3848
48.8576 2.41079
48.8513 2.37983
48.8362 2.40292
48.8633 2.39971
48.8525 2.37681
48.8374 2.40226
48.8631 2.41491
48.8651 2.39395
48.8491 2.41152
48.8501 2.37905
48.8551 2.3871
48.8444 2.36827
48.8305 2.38592
48.8528 2.40887
48.8665 2.41112
48.837 2.39182
48.8488 2.39298
48.8534 2.40165
48.8555 2.40187
48.8459 2.37337
48.8279 2.39054
48.8548 2.38554
48.8639 2.39867
48.8412 2.38736
48.8536 2.41077
48.8417 2.40987
48.8477 2.39468
48.8466 2.37669
48.8484 2.39924
48.8392 2.40255
48.841 2.3735
48.8582 2.40037
48.8491 2.37596
48.8337 2.38247
48.8664 2.41253
48.8687 2.40628
48.8374 2.38262
48.858 2.38995
48.8645 2.40852
48.8548 2.41205
48.8475 2.39504
48.8454 2.39818
48.8341 2.41038
48.8457 2.37266
48.8643 2.39103
48.8735 2.40511
48.8566 2.40223
48.8491 2.41304
48.8371 2.39003
48.8357 2.40668
48.8396 2.40008
48.8582 2.40682
48.8592 2.38622
48.8563 2.38591
48.8557 2.38267
48.8526 2.4078
48.8448 2.40203
48.8402 2.40686
48.8497 2.41118
48.8479 2.40482
48.8403 2.40244
48.8462 2.39449
48.8423 2.41152
48.8455 2.39572
48.8352 2.38001
48.8641 2.39225
48.8541 2.4147
48.8493 2.41441
48.8635 2.41075
48.8472 2.39378
48.8382 2.39942
48.8661 2.40651
48.8442 2.41161
48.8527 2.38512
48.8476 2.38905
48.8346 2.40068
48.8383 2.37611
48.8356 2.40628
48.8473 2.37771
48.8389 2.39745
48.8585 2.38734
48.875 2.40571
48.8479 2.41131
48.8691 2.40548
48.8699 2.41081
48.877 2.40867
48.8326 2.38663
48.8585 2.38965
48.8353 2.38535
48.837 2.39147
48.8505 2.4089
48.834 2.38151
48.8349 2.40546
48.861 2.38845
48.8465 2.38717
48.8442 2.41017
48.8606 2.40947
48.8487 2.37789
48.8668 2.39743
48.8455 2.37455
48.8377 2.40381
48.8562 2.40576
48.8649 2.39981
48.8356 2.39708
48.8692 2.40312
48.8572 2.39687
48.8649 2.39426
48.8439 2.38173
48.8447 2.37286
48.8371 2.38214
48.8329 2.38717
48.8516 2.37794
48.8634 2.41441
48.8454 2.3845
48.8641 2.39914
48.848 2.37663
48.8454 2.37356
48.8453 2.37503
48.8564 2.38122
48.8433 2.40536
48.8469 2.37505
48.8343 2.4044
48.8509 2.37777
48.8692 2.39672
48.8683 2.40142
48.8682 2.39806
48.8532 2.40329
48.8369 2.37775
48.8589 2.39119
48.8586 2.40961
48.8576 2.38461
48.8681 2.40721
48.8458 2.40315
48.8429 2.40526
48.8734 2.40165
48.8568 2.40265
48.8499 2.40225
48.8294 2.39043
48.8632 2.39761
48.8542 2.41517
48.8533 2.37849
48.8463 2.38781
48.8504 2.40748
48.8318 2.38797
48.8524 2.38179
48.8604 2.40624
48.8634 2.4041
48.8539 2.38201
48.8579 2.38517
48.8451 2.4025
48.8656 2.3931
48.8473 2.37528
48.8387 2.37636
48.839 2.37593
48.8567 2.41393
48.8496 2.38114
48.8553 2.40951
48.848 2.39739
48.8527 2.40611
48.8438 2.40167
48.837 2.39064
48.8534 2.3794
48.8356 2.38376
48.8667 2.39709
48.8363 2.39899
48.8454 2.37226
48.8459 2.41066
48.8284 2.3921
48.8598 2.38875
48.8401 2.39048
48.857 2.41146
48.8581 2.38816
48.8574 2.40534
48.8381 2.39929
48.8638 2.39115
48.8387 2.37573
48.8455 2.37125
48.8679 2.41099
48.8536 2.38042
48.8588 2.40958
48.8469 2.38308
48.8386 2.38119
48.8465 2.38712
48.8494 2.41494
48.8643 2.40863
48.8686 2.40426
48.8453 2.38895
48.841 2.41145
48.8478 2.39914
48.8649 2.39904
48.8505 2.3989
48.8623 2.39854
48.8466 2.38747
48.8544 2.41528
48.8322 2.38615
48.8457 2.41392
48.8455 2.41082
48.8339 2.38227
48.8454 2.36969
48.8442 2.39026
48.8467 2.41386
48.8387 2.38957
48.8412 2.39199
48.8449 2.3835
48.8427 2.39746
48.8336 2.39488
48.8321 2.40356
48.8339 2.38898
48.8586 2.40414
48.8469 2.38715
48.8296 2.39107
48.8547 2.38527
48.848 2.37146
48.8453 2.39822
48.842 2.38944
48.8337 2.38188
48.8321 2.39731
48.8427 2.37103
48.8581 2.40664
48.8471 2.37571
48.8454 2.37709
48.8678 2.40354
48.8696 2.40257
48.8515 2.39953
48.8532 2.40912
48.8633 2.41445
48.8455 2.38454
48.8282 2.39029
48.8534 2.38268
48.8533 2.38774
48.8363 2.38503
48.8525 2.38109
48.8446 2.40762
48.8489 2.40433
48.8621 2.39951
48.8322 2.38446
48.8524 2.39344
48.8647 2.4122
48.8513 2.39854
48.8336 2.38634
48.8359 2.39419
48.875 2.40567
48.8267 2.39028
48.8646 2.40853
48.832 2.38649
48.8547 2.38541
48.8644 2.40161
48.8706 2.40894
48.8455 2.37415
48.8265 2.39149
48.8513 2.41188
48.8574 2.38625
48.871 2.40468
48.835 2.38695
48.8443 2.41021
48.838 2.38328
48.8581 2.4107
48.8396 2.39754
48.8448 2.38291
48.8479 2.41209
48.8423 2.40508
48.8475 2.37314
48.835 2.40382
48.8279 2.3886
48.844 2.41348
48.8507 2.3945
48.8646 2.40724
48.8434 2.40232
48.8455 2.37138
48.8581 2.40588
48.8473 2.39388
48.8663 2.41379
48.8544 2.4022
48.8469 2.41515
48.8474 2.40775
48.8409 2.40091
48.8461 2.40786
48.8293 2.39019
48.8402 2.37921
48.8595 2.38915
48.8465 2.36985
48.8367 2.40351
48.8561 2.40588
48.8669 2.40884
48.8303 2.38616
48.8505 2.38011
48.8558 2.39133
48.8424 2.41083
48.8452 2.39821
48.853 2.39718
48.8434 2.36956
48.8537 2.41205
48.8461 2.37597
48.8388 2.40103
48.8416 2.37282
48.8658 2.3943
48.8408 2.37389
48.8474 2.38118
48.8634 2.39795
48.8452 2.36989
48.833 2.39034
48.8454 2.38713
48.8594 2.38683
48.8503 2.3986
48.8614 2.40459
48.8551 2.3987
48.8694 2.4076
48.838 2.38294
48.8618 2.40585
48.8398 2.39557
48.8646 2.40558
48.8439 2.40883
48.8445 2.40898
48.8295 2.39078
48.8465 2.36996
48.8507 2.37572
48.8468 2.38172
48.8408 2.41023
48.845 2.40253
48.8417 2.38693
48.8539 2.40641
48.8266 2.38958
48.8715 2.41064
48.8455 2.37324
48.8649 2.39796
48.8344 2.40993
48.8495 2.38276
48.8441 2.38712
48.8478 2.40627
48.848 2.39906
48.8387 2.39629
48.8411 2.40231
48.8352 2.39876
48.8482 2.39669
48.8364 2.40783
48.8574 2.40412
48.8283 2.39032
48.8561 2.38243
48.8474 2.38234
48.8441 2.37886
48.853 2.40078
48.8511 2.37676
48.8511 2.41093
48.8465 2.37894
48.8268 2.39047
48.8501 2.38475
48.8527 2.38864
48.8471 2.41111
48.8563 2.40488
48.8301 2.38689
48.8647 2.40885
48.8456 2.37094
48.8437 2.38634
48.8442 2.37848
48.8462 2.41488
48.8397 2.37832
48.8644 2.39804
48.8375 2.3915
48.8655 2.41171
48.8513 2.39824
48.8351 2.40507
48.8505 2.37961
48.8683 2.40375
48.856 2.4008
48.844 2.41467
48.8583 2.38867
48.877 2.40649
48.8328 2.38967
48.8464 2.41079
48.8589 2.40954
48.8504 2.39251
48.847 2.38377
48.837 2.39139
48.8476 2.37163
48.8519 2.39937
48.8454 2.3853
48.8505 2.38993
48.8447 2.36911
48.8404 2.40244
48.8624 2.40916
48.8419 2.38939
48.8445 2.38991
48.8641 2.41317
48.8526 2.37688
48.8618 2.4058
48.8505 2.39879
48.8461 2.37587
48.8558 2.40141
48.8706 2.40875
48.8577 2.40577
48.8672 2.40502
48.8543 2.41532
48.8505 2.39293
48.8644 2.41265
48.8368 2.38618
48.85 2.3829
48.8411 2.38901
48.8478 2.40539
48.8359 2.38647
48.8679 2.4089
48.8305 2.38654
48.8633 2.41488
48.8465 2.40006
48.8584 2.40071
48.8532 2.41241
48.8454 2.37352
48.8392 2.38992
48.8323 2.39096
48.8504 2.38139
48.851 2.39866
48.8656 2.40662
48.8337 2.38617
48.8673 2.40376
48.8384 2.39855
48.8559 2.40721
48.8646 2.3982
48.8519 2.40138
48.8436 2.371
48.8418 2.38936
48.8465 2.37931
48.8486 2.37254
48.8406 2.39121
48.8647 2.40462
48.8438 2.41531
48.8522 2.40404
48.8455 2.37018
48.8632 2.41477
48.8588 2.38463
48.8664 2.41013
48.8532 2.40885
48.8485 2.39751
48.8658 2.39844
48.8409 2.40468
48.8764 2.40727
48.8479 2.41513
48.8776 2.40829
48.8482 2.39748
48.828 2.39244
48.844 2.40828
48.8504 2.38729
48.8496 2.37428
48.846 2.37801
48.8471 2.37517
48.8751 2.41052
48.854 2.40262
48.8648 2.40019
48.8539 2.37843
48.8575 2.40979
48.8494 2.37762
48.8491 2.41229
48.845 2.38312
48.8291 2.39045
48.8388 2.38205
48.865 2.40774
48.8432 2.38367
48.8409 2.38681
48.8329 2.39025
48.8439 2.38865
48.8412 2.40104
48.8397 2.40251
48.8509 2.4018
48.8346 2.39677
48.8527 2.3849
48.8397 2.39613
48.8507 2.39882
48.8522 2.38961
48.8549 2.38617
48.8381 2.40534
48.8562 2.40494
48.8329 2.39023
48.8515 2.40628
48.8505 2.4064
48.8588 2.41153
48.8559 2.41006
48.8697 2.40621
48.8448 2.40236
48.8279 2.3896
48.849 2.40774
48.8449 2.3756
48.8449 2.38013
48.8538 2.41457
48.8535 2.41052
48.8379 2.3944
48.8546 2.38468
48.8599 2.38898
48.8649 2.39878
48.8541 2.40697
48.8501 2.38451
48.8374 2.39809
48.834 2.41081
48.8398 2.37836
48.8651 2.40505
48.8453 2.41077
48.8393 2.39001
48.8283 2.39192
9636 5744 1 44 233
1192 1195 1 21 293
5872 1785 1 1 18
1465 5606 1 3 47
3634 3626 1 13 20
5224 5233 1 2 36
9152 5271 2 5 60
8512 441 1 10 133
5783 1653 1 1 9
8208 4132 1 1 17
4433 280 2 4 40
634 4788 1 8 88
11174 11179 2 8 110
1076 5271 1 34 335
11265 7354 1 3 29
6341 2216 1 2 21
3532 7576 1 30 312
3645 3626 1 4 69
8493 8512 1 13 190
1948 6010 1 3 27
10114 6187 2 6 71
1368 1329 2 2 27
4255 8289 2 28 239
2770 2810 2 9 49
8353 4433 2 1 6
4479 4442 1 18 104
2992 2972 2 5 77
8769 4908 2 28 178
4479 280 2 2 29
2999 10941 2 5 53
368 8416 1 24 80
1876 5925 2 29 165
8897 5028 2 18 211
3698 7772 1 3 32
9434 9393 2 18 261
8879 4937 1 2 9
10993 3110 2 19 178
2411 10346 1 3 36
1881 6042 1 14 116
9698 5872 1 11 149
1778 5809 1 23 95
6138 9954 1 2 13
5957 1905 1 9 93
4727 4771 1 11 137
8103 8028 1 29 206
6051 6138 1 7 102
7454 11265 1 23 145
7 3997 1 34 180
9628 1557 1 148 206
116 53 2 2 11
6109 6145 1 17 239
7183 7098 1 7 86
4867 4835 1 12 106
8694 545 2 14 56
6669 6600 1 39 370
2465 10355 1 96 544
10095 10173 2 18 148
9474 9514 1 20 141
7461 11232 1 12 127
2992 6985 1 17 74
1015 9187 2 16 224
4233 8270 1 16 141
10199 2335 1 8 122
3159 7354 1 7 83
4017 232 2 12 86
5886 1645 1 11 123
9130 5361 2 2 22
3643 3530 1 6 80
7774 7874 1 3 45
10100 10215 1 3 44
2588 6545 1 9 66
8346 4553 1 19 243
10089 6318 1 19 136
9679 1556 1 3 54
6796 2826 1 13 108
6193 6320 2 1 5
6119 1905 1 2 39
3471 7656 2 60 286
1163 9129 2 9 63
6341 10126 1 2 18
6554 6677 2 16 204
6251 2298 1 50 413
3997 8210 1 16 125
6604 10404 2 9 88
4546 8348 1 2 32
8445 8557 2 5 45
6247 10313 1 1 12
1922 2008 2 4 36
913 8879 1 2 30
4523 4618 2 13 109
2519 6468 1 1 17
1109 1192 1 117 471
11275 7216 2 5 71
5871 9653 2 12 102
10938 3133 1 62 87
2706 10838 2 19 190
1956 5966 1 13 63
1499 1343 1 19 266
6144 9902 1 7 104
3656 7928 1 18 246
903 8859 1 82 114
10523 10359 1 5 47
6168 9875 2 9 90
10962 3096 1 1 25
3305 7238 1 7 96
10100 6388 1 2 41
7108 10938 1 11 155
9094 1235 2 11 158
20 4126 1 2 33
2972 7098 1 10 84
10498 2449 2 48 228
7464 11139 1 15 219
6746 10830 1 11 157
8038 8239 1 23 212
10173 2241 1 2 14
2329 6209 1 2 28
5810 1621 1 7 97
4436 4631 1 31 125
250 32 2 40 253
2092 2335 1 14 141
10525 10436 1 5 71
160 4024 2 2 38
3231 7396 2 5 62
9875 9957 2 9 95
5956 6168 2 2 23
7655 7566 1 23 136
875 913 1 7 86
1557 5883 1 12 107
3408 3645 1 9 93
9314 1021 1 33 192
4476 4623 1 4 65
3469 7691 1 11 155
6078 9904 2 5 58
9841 2104 1 13 175
11157 2955 1 21 238
2201 1948 1 18 228
1988 10284 1 25 113
5714 9372 1 14 199
10159 6017 1 2 28
2642 6470 1 8 46
1857 10114 2 3 49
9931 6316 1 3 22
236 4417 1 20 171
10794 10552 2 8 86
9052 799 2 1 1
5207 8879 1 8 56
217 4407 1 12 114
3838 7627 1 4 21
2914 11157 1 39 355
5639 9749 1 12 42
4523 595 1 2 40
662 351 2 6 55
6272 9915 1 4 52
2990 11179 1 27 214
3096 11344 1 3 40
8660 368 2 11 142
6096 10238 1 17 247
3092 7475 1 50 302
1046 4952 1 10 78
8385 661 1 6 94
2465 6756 1 2 35
8576 8385 1 16 202
10048 2252 1 1 14
3110 11236 2 9 83
5890 9474 1 12 170
662 4467 1 5 53
7810 3424 1 5 52
10471 10640 2 26 158
7196 11246 1 9 105
1377 5697 2 14 165
6196 6004 2 3 43
3025 7433 1 11 160
3941 8273 1 18 175
5521 5658 1 7 107
5293 8841 1 2 30
4757 4470 1 22 64
3084 7438 2 2 28
4470 605 1 112 158
765 417 1 2 29
1058 8909 2 1 12
8510 735 2 3 45
7479 10993 2 6 76
10418 2670 1 9 112
4506 4728 1 3 30
3774 3438 1 38 478
4269 17 1 3 50
9475 5871 1 3 41
7943 7676 1 14 119
7760 7613 1 16 132
7582 3707 2 10 89
2411 6759 1 1 19
8201 4340 2 121 169
8785 443 1 14 158
2652 10420 1 22 228
6395 9956 1 3 21
2298 1970 1 15 165
1621 1480 1 14 131
913 5207 1 7 76
4805 257 2 13 182
1857 6340 1 9 131
399 4677 2 1 12
5382 8883 1 6 74
10086 6054 1 2 28
1807 9410 1 4 40
9172 9027 1 7 55
9526 5783 1 10 72
10428 10794 2 1 9
11274 7015 1 17 224
10030 10199 1 6 95
3402 2996 1 6 37
10274 5968 2 40 204
8636 8539 1 5 69
6097 10089 1 23 136
6494 2769 1 1 10
1035 8986 1 3 14
8556 8639 1 8 105
4233 8155 1 10 82
339 750 1 35 230
1300 5810 1 1 17
356 735 1 23 187
1253 8885 2 18 129
11163 11093 2 1 1
5590 1537 1 13 177
4634 8668 1 12 45
2153 10030 1 35 143
3572 7840 1 7 99
3060 3251 1 11 160
7619 7813 1 21 215
4950 9266 1 11 159
8790 4442 1 1 8
2252 1947 1 1 14
1188 790 1 4 39
750 4470 1 2 25
3384 2957 1 5 71
7508 7943 1 8 122
1039 999 1 16 230
6588 10674 1 36 146
6206 2062 2 2 31
6383 5980 1 4 24
956 1058 2 11 127
2914 7475 1 19 198
1970 6251 1 16 223
1531 1512 1 1 8
6896 2401 1 7 101
9831 2329 1 22 111
374 4825 2 6 70
4924 8346 1 3 29
7577 3843 1 12 111
1830 10325 1 6 84
5229 956 2 24 162
2552 2672 1 8 103
5435 5918 2 14 44
1300 9759 1 3 24
10579 6721 1 3 28
10261 1909 2 2 37
9992 10135 1 7 100
2651 6647 1 14 147
1144 5040 1 2 37
4950 5415 2 22 189
9525 6150 1 7 89
4391 3888 1 20 177
6783 11174 1 11 81
5671 6197 1 7 79
3010 6567 1 29 308
6193 9553 2 19 125
8103 7576 2 40 163
1507 2054 1 46 227
7613 116 2 50 224
9341 5946 1 18 192
8986 424 1 3 38
8029 3415 2 4 37
2389 2938 1 34 163
5296 622 1 27 239
2677 3250 2 1 12
9561 6219 2 8 27
6890 7468 1 23 275
337 8922 1 5 75
2018 9526 1 5 76
9781 10288 2 16 57
11279 2770 1 2 30
8728 1176 2 1 3
2970 10445 2 10 90
10959 6505 1 33 321
2076 1591 1 5 55
6012 1368 1 14 112
6914 11331 2 1 7
8571 8999 1 19 141
3236 2714 1 24 165
7299 2635 1 2 21
4805 1188 2 8 99
9725 2330 2 14 161
6408 1719 1 14 126
8670 5218 1 57 244
8564 5114 2 11 128
3250 6746 1 1 16
7299 6713 1 27 317
6785 3146 2 13 139
806 4494 1 1 22
6930 11274 1 10 146
6747 7331 1 8 113
4496 8829 1 14 133
5945 1328 1 49 68
9985 5639 1 22 273
5777 6219 1 17 201
9500 1956 1 22 218
5512 1826 1 4 31
6490 2999 1 14 117
2200 1568 1 21 162
9410 9809 1 17 240
4579 991 1 5 22
1452 6144 1 5 46
2737 3159 1 12 73
4346 7914 2 26 266
780 8443 1 11 95
9944 1507 1 17 130
5650 9931 1 8 122
3840 4378 2 32 241
4076 7711 1 4 55
2349 10962 1 5 72
9883 1302 2 3 11
6169 9445 1 12 142
2102 5748 1 2 32
3350 6870 1 11 110
9662 6197 2 7 86
7036 6495 1 43 443
6405 9653 1 9 65
3482 210 2 3 30
8892 8534 1 1 18
6301 1531 1 8 105
1653 2302 1 8 118
7364 10617 1 23 87
6065 5433 1 63 514
7591 4153 1 4 62
10284 9610 1 20 138
629 5415 1 3 42
10772 11135 2 13 113
11044 2421 1 3 42
9963 1314 1 12 109
7426 6787 1 16 116
5218 707 1 4 48
9563 6316 1 3 20
1235 594 2 1 4
7174 2465 1 4 31
9374 6071 1 14 109
9945 9372 1 24 152
1478 1922 1 34 181
6471 10979 1 14 84
1537 6340 1 9 95
4407 7829 1 2 29
4761 1256 1 3 30
6621 2913 1 7 49
10193 1758 2 1 19
5846 2177 1 14 158
1289 6097 1 5 44
8629 1253 2 36 51
3141 6523 2 12 78
3908 4248 2 5 56
4794 1200 1 2 22
5433 6109 1 12 140
9849 5561 1 42 520
1645 6388 2 8 76
9229 8660 1 9 53
6829 3334 2 2 30
10417 10979 1 33 293
7047 2497 2 29 111
7364 2706 1 13 144
8528 782 1 16 146
4724 5406 1 2 33
8622 1253 2 19 183
3843 4292 1 55 541
8810 9130 1 22 223
7426 2615 1 14 73
6763 7455 1 5 75
5286 713 1 39 175
707 5282 2 8 115
5284 708 1 7 49
10253 1660 1 13 102
1144 617 1 4 47
11236 6785 2 4 36
7480 6735 1 6 56
8099 3537 2 5 43
1734 10180 1 11 50
3592 3994 2 8 62
11092 6468 1 8 101
10159 5833 2 12 57
6710 11334 1 7 104
4634 8878 1 2 22
6117 1299 1 38 292
6684 6992 1 39 55
7772 4404 1 8 106
2134 9714 2 22 70
7258 2839 1 10 106
7268 2826 2 18 136
7495 4166 1 6 70
9292 4728 1 41 91
9956 1363 1 1 20
11337 10617 1 1 10
7048 6612 1 1 27
4126 7950 1 32 231
10617 6972 1 1 26
2883 10605 1 11 157
4869 9007 2 13 118
2449 11195 1 5 75
9676 6066 2 5 67
2955 2652 1 2 29
6383 1477 1 21 205
3091 6896 2 15 212
10215 1430 1 5 37
10574 7480 2 9 138
954 4875 1 8 121
2770 3034 1 2 29
8896 598 2 4 46
6787 10928 2 5 73
6728 10913 1 2 18
3796 8112 2 21 170
1299 10078 1 8 96
617 5040 1 7 43
7369 2478 1 7 78
2084 1321 1 6 45
2650 6986 1 9 57
7915 8143 1 3 44
6403 9498 2 1 11
1785 10047 1 1 19
5028 595 2 93 649
7314 10434 2 4 45
4476 9068 2 2 19
11293 2597 1 10 107
5621 6403 2 20 127
7754 3968 2 1 13
160 7914 2 19 27
9348 2117 1 9 106
9391 2072 1 23 75
8510 5420 1 37 144
8398 9068 1 10 124
8107 3692 1 9 129
10597 10919 1 1 14
2478 7399 1 10 55
1799 9963 1 4 38
7232 10425 2 19 193
556 8925 2 12 76
4178 7555 1 13 114
932 4907 1 25 209
3336 6669 2 26 184
1860 1682 2 44 127
2672 2997 1 15 219
11106 10434 1 44 154
9954 9742 1 6 15
7369 6684 1 6 89
9337 10159 2 84 117
3843 217 1 6 87
2200 1289 1 9 125
6316 5650 1 10 135
9864 5686 1 20 183
10425 7258 1 21 105
2833 11038 1 17 178
4340 3634 1 5 73
6661 11279 1 8 25
10941 2652 2 18 91
1363 6187 1 4 62
673 5156 1 17 213
10983 10830 2 16 222
5893 6051 1 12 167
5551 2307 1 36 273
4509 1057 2 8 112
2216 9525 1 12 87
5777 9802 1 10 108
1383 10080 1 11 116
2390 3210 1 18 137
1688 2052 2 161 224
7198 6834 2 33 405
6517 11154 1 27 323
5809 5945 1 12 104
9292 4506 1 8 120
2173 1508 1 58 518
4631 1104 2 17 166
9015 613 1 5 82
4159 3796 2 125 255
1735 1857 2 3 52
7878 8029 1 20 278
9561 9945 1 16 144
1480 2154 1 1 23
6320 9341 1 49 138
8909 4867 1 8 114
6042 5883 1 35 491
9956 1537 2 3 34
4324 3471 2 3 53
8999 621 2 42 58
412 1015 1 4 63
1104 8524 1 204 284
3961 3845 1 23 173
9945 5714 1 9 101
12 3840 2 9 77
8155 7795 1 14 137
9897 5845 2 1 2
3116 6822 2 17 130
9172 470 1 8 32
10776 2897 1 100 433
8624 5078 2 14 67
356 9266 1 3 31
2294 1377 2 4 47
2421 3402 1 13 75
5593 6198 1 14 60
7438 6567 2 1 26
3387 2411 1 17 43
4875 879 1 1 8
4579 1040 1 15 107
9311 8398 1 1 5
3091 2731 2 1 25
1826 9725 2 1 13
6238 1392 1 69 664
8925 4887 2 5 43
5820 9902 1 4 59
4448 9276 1 7 82
9804 5856 1 33 318
9004 8575 1 2 20
1273 6357 2 46 140
9001 8579 2 5 51
1256 8374 2 18 163
4585 5286 1 8 83
3400 6477 2 19 233
8188 7839 1 14 101
9410 10274 2 3 34
10018 5657 1 1 14
735 4950 2 12 103
1078 431 1 30 215
10940 2810 1 8 70
4389 7482 1 996 1384
5748 1998 1 4 17
11038 2707 1 5 69
6986 6952 1 19 115
7174 6756 1 3 19
7121 2677 2 8 105
8885 8737 2 20 114
8073 7913 1 22 152
10378 11293 2 36 362
11093 10619 1 10 100
3387 10346 1 2 26
9601 6117 2 16 84
6163 1557 1 5 21
6155 9581 2 4 64
6078 7108 1 9 125
32 806 1 14 66
9007 8207 2 34 66
3904 8800 1 15 134
1905 7051 1 8 54
10078 11109 1 15 141
3701 8622 1 12 88
3959 8878 1 4 51
7914 4848 2 8 63
1097 8264 1 18 221
5925 6990 2 2 35
3334 6318 2 18 138
7908 4812 1 18 251
5406 4346 1 12 124
6029 2972 1 17 47
10173 11162 2 1 12
11050 6163 1 14 195
1876 6990 2 35 493
8403 7613 2 11 106
4065 8974 1 6 48
2294 7454 1 6 84
7539 8325 1 8 122
2840 9784 2 32 289
6065 7143 1 2 36
10547 1500 1 3 29
7980 4891 1 10 78
8922 4008 1 13 180
6424 3354 2 8 76
4183 1057 1 15 105
3350 2329 1 2 14
6731 5684 1 2 20
6647 9445 1 4 64
1976 11079 1 10 61
7949 8725 1 11 118
8581 3739 1 2 38
1830 7048 1 3 29
6168 3060 1 10 143
4727 3796 1 31 272
7942 4825 1 6 84
10606 5742 2 25 179
8403 7494 1 15 78
6985 9864 2 1 14
5642 10508 1 15 161
10605 5748 1 25 267
2153 11106 1 7 57
1512 10477 1 1 8
6829 1568 1 34 177
8092 8866 1 1 17
10271 3359 1 23 314
4332 5382 2 17 110
6914 9725 2 11 101
6448 9434 2 8 91
9604 2677 1 7 94
7533 4509 1 4 60
6326 11310 1 3 35
9508 10498 2 3 20
3133 6078 2 18 156
6829 5657 1 24 214
6017 7001 1 5 60
2615 5783 1 6 91
3092 1988 2 1 6
1733 10802 1 113 245
10960 10048 1 68 175
5639 2455 1 5 51
4728 3838 1 1 15
1104 4375 2 3 50
3943 5078 1 7 39
8340 3562 1 30 250
8960 3944 1 37 476
8510 7539 2 28 108
10146 11293 2 2 26
8028 8954 1 47 146
10089 3305 1 13 109
5224 4327 1 1 18
4229 1163 2 14 200
8112 9001 1 43 228
4327 5233 1 3 17
2216 3159 1 16 159
8899 8244 2 12 113
7168 9919 1 18 99
3359 10193 2 2 32
7088 5966 2 6 51
6117 2999 2 9 25
5697 10729 2 9 116
11093 9883 2 1 17
2313 3236 2 2 30
3424 4585 1 1 23
9817 7143 2 6 80
2583 9402 2 6 57
11190 2294 1 5 42
6612 5447 1 60 263
8346 7649 1 3 43
8443 3590 1 6 79
879 8188 1 17 171
10640 1807 1 1 6
4900 7774 1 6 68
10574 1300 1 6 96
6731 5893 1 3 37
7479 10128 2 18 172
53 5156 2 6 65
1959 7036 1 21 184
7015 10067 1 5 8
6972 2012 2 3 32
6589 9408 1 1 12
8883 4060 1 7 103
4945 8227 2 2 15
4017 5117 2 9 71
144 8906 1 22 259
6756 5872 1 2 12
6318 7328 1 1 8
595 7914 1 26 299
7767 765 2 2 23
9408 10525 1 5 57
11162 2241 2 1 19
6012 3073 2 14 202
10048 2883 1 6 84
8579 3912 2 21 160
10620 9781 2 34 141
6735 9759 1 6 74
3289 2200 1 10 121
2957 2018 1 4 51
3409 8568 1 3 44
6985 6151 1 39 385
3365 2029 1 1 9
7655 692 1 16 62
9780 10579 1 5 49
7508 545 1 2 31
7286 6010 1 24 224
5644 10851 1 3 19
10995 2227 1 2 36
3134 6395 1 1 6
10995 6301 1 4 35
3334 6097 1 16 155
7601 4770 2 26 294
5925 7232 2 9 103
3547 673 1 4 37
10968 2164 1 154 214
597 3513 1 51 259
1176 160 2 4 56
5233 32 1 8 98
10080 2928 1 11 160
9434 10685 2 1 23
2012 11337 1 3 26
2878 9508 2 27 199
7121 2214 1 9 86
7240 5946 1 6 46
8628 3521 2 19 275
11232 1970 1 34 166
2227 7121 1 80 111
8859 8295 1 16 138
4881 7619 1 2 27
3893 426 1 6 61
10135 10962 1 24 344
1017 8073 1 18 259
2421 9587 2 10 121
3454 662 1 39 57
6247 10868 1 9 75
7649 4924 1 1 11
7908 8562 1 4 56
10078 10941 1 27 265
5 1097 2 12 82
232 9259 1 13 120
5809 2588 2 3 34
10018 3334 1 21 204
6612 5861 1 1 22
622 3471 1 12 152
1289 6829 1 39 162
2425 1591 2 4 59
1451 6890 1 2 37
7216 1922 2 21 159
2401 5739 1 10 131
2252 7174 1 297 784
5185 117 1 20 239
7077 2100 1 13 184
8116 1015 2 19 241
1457 6900 2 3 40
5339 213 2 6 58
10417 1598 1 25 135
117 1035 1 1 10
10086 10960 1 6 88
4812 3643 1 9 133
9985 11285 1 7 65
4891 7651 2 1 18
9940 3388 1 1 12
1392 6952 1 73 405
3251 5956 2 13 165
3968 9140 2 3 26
10359 1695 1 13 65
8239 9172 1 3 52
1905 7414 2 7 92
7839 8550 1 8 124
5681 2502 2 83 193
4784 3639 1 4 45
1206 8092 2 5 33
2154 7168 1 19 66
5658 6589 1 16 231
3694 8488 1 10 150
7354 9831 1 13 143
2079 3022 1 24 67
470 7829 2 9 47
8622 3580 1 11 160
799 4302 2 4 49
5590 6746 1 14 167
8099 1201 1 14 103
2737 9525 1 12 168
9027 4292 1 34 284
1599 10505 2 15 30
1894 11332 1 18 146
1621 10574 1 2 29
4674 7834 1 8 58
2173 7149 1 27 160
9915 7438 1 21 267
10928 6424 2 3 34
9640 2583 2 12 164
7601 4881 1 25 132
10454 1778 2 38 252
2839 5521 2 4 45
3117 2092 1 1 16
6383 2909 1 20 218
5892 10378 2 24 226
6119 11111 2 31 252
10505 9662 2 10 70
6677 1598 2 1 10
10868 10313 1 5 72
5535 10772 2 25 299
5957 7414 1 9 103
6155 11140 1 6 93
9704 10420 1 16 211
8628 3547 1 9 129
9548 6747 1 8 98
6647 5677 1 4 28
6448 1753 1 11 108
7996 1205 1 17 194
2777 5500 1 1 20
6209 7196 1 3 55
4788 7651 1 10 135
364 7920 1 9 132
8304 8974 2 7 86
5607 6713 1 99 1379
887 4327 1 2 15
2372 5910 2 5 46
9840 7479 1 25 159
7676 620 1 21 195
1195 3954 1 25 154
1695 6554 1 24 159
5420 3941 1 13 157
11331 1826 1 77 108
9640 10523 1 19 175
6187 3134 1 5 73
3461 8790 2 16 75
6484 5845 2 12 162
5593 6787 2 22 74
2552 1599 2 9 109
9742 10395 1 20 232
3692 4640 1 2 27
1462 2687 1 7 92
4779 3547 1 12 68
5415 12 2 18 167
9735 11278 1 5 44
7020 9374 1 5 77
8243 503 2 2 27
9780 7455 1 9 133
9867 6511 2 32 161
7183 5633 2 9 135
5681 7232 2 18 204
10253 10756 2 2 26
4913 4386 1 6 84
7461 5882 1 11 126
11232 9698 1 14 175
10047 10563 1 7 98
4060 4548 2 14 136
9919 2449 1 10 109
7858 5282 1 1 18
1602 7244 1 6 69
10418 9881 1 74 102
9943 6588 1 1 12
9910 10454 1 17 184
6198 2615 1 5 55
3146 9585 2 11 161
1736 3298 1 3 46
4009 8458 1 23 134
11044 9525 1 36 249
5650 11067 2 1 14
214 8564 1 28 349
1405 11016 1 7 69
6209 10610 2 73 105
6219 6710 1 1 18
6110 10486 2 2 39
9841 6450 1 7 59
11149 5656 1 12 156
10026 10547 2 5 62
10983 5590 1 7 71
11109 1602 1 33 207
2073 2651 1 3 37
5770 3225 1 12 137
3283 1747 1 11 102
2883 1321 1 1 19
3957 4448 1 16 159
1768 7461 2 5 57
6272 6726 1 14 144
11016 5629 1 13 166
7857 1058 2 1 6
7100 9500 1 13 122
5565 3117 2 21 158
10261 6930 1 16 226
6206 6796 2 7 103
11185 5681 2 34 217
10536 9931 2 28 389
6136 6600 1 7 74
7244 9654 1 7 55
11137 5770 1 1 14
8432 59 1 3 17
5435 10940 1 10 142
1566 11174 2 12 107
2938 1383 1 7 90
7555 4966 2 3 27
10404 9897 2 15 203
3537 954 2 1 16
5628 3084 2 8 99
1645 3146 1 39 211
2497 6169 1 10 104
7098 5633 1 5 74
10195 6728 1 5 66
5535 10874 1 11 16
6383 10776 1 6 37
5742 3199 2 9 122
5565 11079 2 10 90
10180 6721 1 11 58
3707 1097 1 9 129
11234 5886 1 55 399
4494 3959 1 35 342
5570 7183 2 11 122
5890 11227 1 4 68
8242 8484 1 10 136
10244 6914 2 1 11
2714 2100 1 13 193
6900 10253 2 7 96
1938 10357 1 21 187
11312 1720 1 21 118
11179 1768 2 16 117
5833 11154 2 5 65
9046 3532 1 1 11
1363 3134 1 3 25
8273 8771 1 11 41
6600 5957 1 22 226
10159 2840 1 116 461
7155 5494 2 12 138
8665 4408 1 19 240
10772 10106 1 15 139
9704 11109 1 6 39
479 8073 1 15 177
9867 2569 1 103 412
2223 10612 2 26 85
545 4310 2 29 98
1017 7913 1 15 97
10477 9840 1 1 10
8512 3941 1 8 118
9285 3787 2 7 64
2502 1876 2 61 266
8528 108 1 12 105
4375 8694 2 9 98
5114 3424 1 65 375
7795 9229 1 15 121
5918 3231 2 10 139
2214 6731 1 9 78
11154 1688 2 25 110
7890 5220 1 13 70
9657 3365 1 33 75
8771 4183 2 11 161
1663 7390 1 8 94
1882 2596 1 7 76
5813 7299 1 8 90
4065 8403 2 5 73
3445 9032 2 1 12
7356 9640 2 19 171
9012 3438 1 40 171
7691 4945 1 2 30
8069 4553 1 7 47
1573 3388 2 22 312
7920 9195 2 6 23
8954 7576 1 52 491
595 4302 2 21 127
1477 2909 2 2 31
6505 1959 1 90 807
1736 11190 2 2 28
6357 10620 1 14 69
11149 1807 1 3 39
5326 7820 2 23 132
9445 7047 1 15 172
7878 9152 2 1 14
5739 3289 1 10 129
9933 10454 2 3 8
435 8072 1 3 33
9587 3402 1 12 173
4346 4724 1 8 106
8526 8038 1 32 319
9849 2569 1 19 264
8897 3572 2 7 107
112 8488 2 6 84
2897 1512 1 24 243
3944 8556 1 41 187
2052 10359 2 4 42
9063 3908 2 6 84
2072 6949 1 6 66
10802 10128 2 10 41
4324 622 1 17 243
10620 2307 1 6 88
7244 1299 1 9 100
2569 6383 1 11 48
210 8771 2 9 126
4770 8116 2 1 14
10445 2163 1 3 34
6466 10099 2 8 70
2455 10173 1 32 44
8728 160 2 2 41
10874 1566 1 16 235
9688 11007 1 7 69
9063 7489 1 7 87
4388 8562 1 37 124
6834 9940 2 33 217
1377 11190 2 4 54
7122 1734 1 30 198
2713 9910 2 18 217
7238 1314 1 36 293
4496 4248 1 13 100
10106 10401 1 25 195
3857 5094 1 3 25
112 661 1 13 95
5644 11332 2 6 51
1701 7100 1 1 11
3513 9187 2 5 50
1894 10704 1 44 271
6742 9817 2 36 282
9088 7482 1 37 292
1500 11293 2 12 169
5293 7582 2 6 87
2811 9944 1 6 46
2769 6110 1 8 61
2878 10008 2 6 90
3096 5890 1 170 236
1259 3630 2 3 49
5892 11049 2 4 30
2826 2062 2 62 86
4900 4159 2 37 166
2362 2117 1 16 140
3022 5833 1 2 24
8274 8436 1 4 60
8906 3774 1 83 115
9526 7426 1 6 91
2389 10080 1 11 116
10271 6589 1 23 105
5399 3634 1 2 29
3959 8668 1 1 22
9581 7051 2 24 220
5770 2928 1 7 103
8665 3959 1 8 34
5746 2908 1 3 37
5902 3073 1 3 28
7149 9679 1 21 294
8072 8575 1 38 53
10619 9883 1 10 110
4302 4618 2 9 80
7655 1240 2 7 59
2913 9636 1 6 53
5447 3236 1 19 255
3521 5229 2 7 52
5838 3138 1 25 238
2177 2402 1 5 35
5697 2997 1 12 152
4819 8200 1 26 203
3415 9152 2 37 240
9317 3580 2 11 117
1465 7356 1 2 40
6523 10095 2 2 37
10705 1869 1 2 19
5549 11312 1 1 21
12 643 2 9 40
7489 9168 1 41 400
2707 1882 1 8 90
9714 11050 1 3 32
1320 3245 2 5 80
6471 10146 2 21 290
11310 1462 1 6 39
10313 6621 1 3 32
4881 172 1 16 230
10436 2120 1 10 139
9943 10851 2 14 106
8416 4233 1 4 59
3261 1289 1 3 33
6320 10569 2 3 45
4891 8175 1 31 133
7678 5382 1 8 81
4771 8021 2 23 133
7155 1736 2 4 68
10014 10756 1 4 43
1602 2966 1 9 98
2455 10095 1 22 160
7711 5337 1 4 38
2569 2236 1 8 61
3994 8614 2 7 81
10180 10579 1 6 55
9879 6900 1 5 67
3583 9097 1 10 129
2906 1701 1 5 38
7286 5621 2 73 224
3091 5739 1 31 159
2206 6466 2 1 13
3912 8925 2 1 6
116 4919 1 14 164
5124 3760 2 10 96
7077 9784 2 18 115
6051 6728 1 5 64
4008 4875 1 1 25
9548 11195 1 24 226
3997 8769 2 23 89
10579 2177 1 2 27
8877 7894 1 22 53
351 4413 2 5 39
6870 9831 1 1 14
5742 3141 2 19 181
5339 7495 1 13 161
2852 1894 1 12 17
10099 2518 1 32 202
4121 8670 1 113 481
7458 1329 2 22 243
2117 2476 1 24 109
5639 11162 2 6 62
802 3850 1 12 135
5521 3359 2 1 12
9957 2622 2 6 68
3061 9585 1 18 219
2154 10574 1 9 130
3774 9012 1 22 314
7088 1597 1 23 124
6713 6096 1 86 888
2464 6359 1 26 293
2597 10146 1 6 86
7829 9027 1 2 29
4848 4024 2 1 6
2635 10018 1 11 71
1682 3068 1 3 49
3850 5028 2 45 224
5882 7020 1 3 47
11049 9585 2 2 30
8175 4788 1 1 11
1060 3639 2 21 241
5549 7299 1 4 27
6822 9972 2 6 55
1561 3091 1 37 522
5930 2833 2 2 26
7009 5910 2 17 240
5296 7656 1 24 180
3513 5361 1 127 757
10309 6494 1 14 48
7539 9276 2 17 86
3850 8897 1 13 92
7919 5017 1 1 12
7256 9511 1 1 7
4998 7908 2 8 124
9972 6775 1 1 12
6150 10610 1 30 243
7 4908 2 32 86
8235 8581 2 26 159
4024 8728 2 1 10
648 4036 1 10 121
5586 3245 1 17 87
8670 144 1 88 590
6742 6145 1 91 508
2241 2425 2 37 137
10498 2154 1 11 164
11344 9314 1 24 184
9084 11137 1 33 237
6949 4919 1 8 66
3258 9168 2 7 83
10704 629 1 15 121
9453 3533 1 7 102
4553 2478 1 7 73
3387 5399 1 2 23
9317 7464 1 12 41
7484 5447 2 1 19
1664 7840 2 1 5
9491 3592 1 7 48
5112 3061 1 9 72
4770 2731 1 15 197
7446 1256 2 4 6
7098 5080 1 15 73
9802 8028 1 7 77
9032 7198 2 20 147
3268 5284 1 17 107
6110 4076 1 5 41
5220 7256 1 10 100
790 7015 1 8 90
3580 5551 2 19 175
8877 6992 2 4 55
3838 5792 1 1 8
11070 944 1 8 52
3388 1188 1 2 19
10874 4985 1 33 109
2373 4448 1 123 199
10729 711 2 3 50
1195 7468 1 57 583
10026 218 1 30 336
8021 1860 2 1 9
7665 5561 1 8 105
10008 236 1 14 197
2731 597 1 30 266
1988 8143 2 6 70
6359 4417 2 1 17
2621 8652 2 3 14
1970 8235 1 22 173
1537 7823 2 10 148
605 6726 1 12 65
417 10552 2 14 187
6726 4757 1 11 165
3698 5777 1 6 96
875 10913 1 1 7
4408 10244 2 1 7
3590 1478 1 3 46
7198 5081 2 46 89
118 5929 2 13 126
8158 10067 1 20 131
6468 4523 1 23 194
3245 9094 1 76 106
7760 1660 1 1 26
8318 2073 1 10 93
4085 2029 1 5 54
3562 5628 2 6 38
2714 750 1 10 144
6572 8559 1 6 42
9957 3961 2 17 232
1240 3251 2 6 41
8227 1909 2 5 43
9784 7842 2 37 291
2687 8785 1 14 77
5657 7888 1 7 61
643 10851 2 4 46
7533 1457 1 16 229
2596 368 2 1 10
9875 218 2 2 28
3050 782 1 23 238
364 2588 1 47 107
1591 7908 1 6 88
11227 1021 1 8 109
413 10355 1 14 133
7769 1736 1 67 263
991 10929 1 46 126
4933 2706 2 5 47
5871 7857 1 7 41
5214 3283 1 4 67
3231 5420 1 6 93
5602 3524 1 3 39
6775 765 1 8 47
2372 4584 2 10 53
8562 6523 1 12 164
11067 5028 2 14 137
8158 1869 2 22 149
7433 1035 1 5 28
8085 6066 1 11 96
7890 5738 2 1 10
5929 8210 2 9 90
4618 6437 2 11 108
8208 1830 1 2 29
10913 9030 1 4 54
1843 8207 2 10 14
3298 5293 1 12 132
2054 20 1 35 129
59 10011 1 2 20
5194 7446 2 1 15
2425 459 2 4 56
6568 4548 1 8 100
9140 11275 2 6 66
7772 1799 1 7 77
6470 8539 1 35 239
451 6517 1 5 69
809 7174 1 1 12
364 2721 1 58 175
2707 8416 1 9 123
6326 172 2 28 269
1478 7942 1 16 97
7924 5593 2 6 34
5792 7627 1 1 14
6484 556 2 18 157
7576 9636 1 10 46
7888 5549 1 3 27
8974 11279 2 2 28
1314 3698 1 10 121
1109 10958 1 28 306
4985 11135 1 19 274
5677 3469 1 13 140
7489 1573 2 6 84
2476 8737 1 6 88
8579 6484 2 1 10
5117 11236 2 16 133
10552 4933 2 3 12
7898 9453 2 12 171
10993 9259 1 12 121
10359 4716 2 20 285
8353 10612 2 11 145
4417 10008 2 33 413
7613 5742 2 146 548
2622 291 2 4 51
5494 7858 1 12 180
3351 9046 1 33 296
1938 8264 2 2 27
11334 9015 1 1 15
4389 10018 1 35 358
9610 7601 1 86 166
2302 8170 1 5 55
6389 8158 2 14 168
3438 5744 1 35 257
5968 4269 1 9 90
7582 9576 2 5 63
594 10349 1 3 51
4794 6494 1 6 79
8841 11185 2 17 198
218 2206 2 1 17
8242 10284 1 3 46
942 3305 1 10 139
4337 10026 1 25 67
2642 374 2 6 76
7669 9780 1 3 35
7488 5746 1 1 23
10349 4761 1 22 138
7001 5296 1 4 49
6785 309 1 13 183
648 2349 1 18 124
661 2362 1 77 107
9032 7343 2 17 247
10612 8432 2 1 5
1747 3630 1 17 131
451 2840 2 5 72
3592 5846 1 5 82
6219 8103 2 10 128
8092 2104 2 1 24
1561 3513 2 3 29
777 6588 1 12 63
9084 7047 2 32 297
11174 4985 1 81 227
8986 11149 1 2 25
5107 7268 2 6 74
10935 9285 2 2 30
10605 399 2 1 12
9714 7544 1 2 19
9744 3501 2 5 65
2200 8242 1 2 24
7455 882 1 46 64
2840 339 1 98 136
9689 3414 1 1 9
7494 1701 1 4 65
8829 7364 1 2 30
3787 5640 1 6 75
10979 5214 1 1 14
8155 10128 1 11 166
288 2811 1 5 59
5282 7155 2 16 173
1499 7817 1 79 695
1021 7122 1 10 45
7328 942 1 9 97
9744 7601 2 8 82
10958 1192 1 12 172
5738 7722 1 15 83
8575 10521 1 7 68
10385 8728 2 7 83
8112 6401 2 23 227
8140 6238 1 3 9
8210 6193 2 20 90
7754 9498 2 1 14
1040 11070 1 18 123
8652 6601 1 12 109
8175 10168 1 12 91
8878 7469 1 1 27
4413 5968 2 42 134
270 6914 2 6 19
6554 706 1 32 231
9475 7857 2 1 12
8484 2731 1 46 271
8785 2389 1 8 87
4724 10536 1 9 89
10355 8800 1 6 59
1734 7577 1 38 338
9809 4391 1 10 148
3010 5326 2 8 118
5081 3258 2 6 94
3116 1039 2 14 59
9802 4404 1 5 34
4933 6437 1 11 139
5590 7823 1 10 135
10425 4835 2 3 23
9276 7009 2 1 5
706 10417 1 6 72
470 2650 1 2 28
598 2518 1 11 124
2402 4869 1 13 116
7566 1733 1 30 111
661 2476 1 18 130
10919 8391 1 9 46
3415 9804 1 38 243
7723 6163 1 3 50
617 7299 1 1 24
8445 10968 1 72 406
594 11163 2 1 21
8245 1507 1 8 54
4623 3117 1 4 49
11140 582 1 1 4
11332 777 2 1 20
4404 1799 1 15 145
7665 6065 1 13 76
1314 20 2 1 26
4378 5918 2 30 250
9453 8171 2 1 10
3533 1975 2 4 43
8325 7009 1 5 76
2065 7701 2 36 155
2721 1095 1 2 31
7399 4924 1 26 185
8883 6568 1 14 144
5810 4332 1 20 113
4875 7480 1 26 231
7482 1881 1 67 835
9508 236 1 8 92
4585 7108 1 8 64
3968 9337 2 21 294
8660 3250 1 13 164
2201 3728 1 5 39
10357 8892 1 1 22
11278 8818 2 5 27
9129 6827 2 5 39
6450 5017 1 6 71
9784 4324 2 15 136
3639 9965 1 3 43
2957 374 1 19 270
1039 6822 1 8 108
3050 8528 1 20 168
1328 3943 1 7 75
9191 6742 1 40 102
5432 8103 2 18 150
8264 5681 2 42 189
8244 1439 2 1 2
9341 3997 1 5 72
2769 1200 1 7 76
11007 8524 1 11 109
3022 4640 1 84 342
7052 8373 2 1 19
8534 11018 1 12 122
288 10968 1 29 40
4248 1573 2 2 29
4663 11000 1 58 778
1392 8239 1 18 115
735 7396 2 6 67
8896 10378 2 12 77
707 3350 1 3 44
3976 1320 2 4 56
1430 232 1 3 46
5094 6661 1 2 32
10521 9004 1 2 32
10508 954 1 46 150
3759 6383 1 3 51
582 3336 1 62 346
291 3061 1 21 167
10620 5323 2 121 168
629 11332 1 41 225
8859 10505 2 4 60
11312 617 1 1 18
10168 3904 1 1 14
8688 7454 1 12 106
8636 7426 1 6 74
4436 11007 1 199 277
7691 1909 1 5 77
7399 8652 1 7 101
9393 217 1 9 136
8564 2990 1 88 251
5697 4344 1 7 54
4641 7077 2 4 49
7469 8665 1 4 55
6834 9077 1 37 425
1568 4299 1 14 134
11232 8581 1 20 156
613 3351 1 10 91
3409 9953 1 11 47
2497 4945 2 14 113
10610 5324 1 2 29
7619 9841 1 19 211
3351 634 1 3 14
8289 9744 2 37 117
9749 8295 2 6 20
5930 7655 2 8 68
10830 9151 1 45 138
3482 6151 1 5 76
3084 8340 2 6 40
9266 10704 1 5 64
10772 5185 2 12 93
5946 3572 1 40 197
36 9474 1 14 142
9402 233 1 26 161
5744 4389 1 94 615
3133 351 1 22 109
6340 3694 1 7 60
6389 3772 1 3 19
6054 3454 1 3 42
2996 479 1 1 26
7183 4509 2 9 75
7356 4716 1 10 72
3639 6004 1 24 286
3888 6272 1 21 127
3138 339 1 13 64
4887 7314 2 4 50
2928 412 1 31 105
10106 3888 1 14 153
2307 3701 1 7 48
8986 10471 1 1 13
10794 9063 1 31 300
6169 3469 1 3 25
10486 4998 2 1 22
10098 7942 2 4 47
10126 7980 1 31 156
1343 8140 1 11 57
1778 4186 2 7 37
5606 17 1 10 110
6523 903 1 6 94
8069 5570 2 18 258
5282 6870 1 6 96
10011 3461 1 25 78
7343 4771 2 10 142
11219 4784 1 1 17
1201 6735 1 10 122
2957 8539 1 17 83
5882 4178 1 2 31
291 11049 2 12 131
11265 620 1 36 50
8458 10995 1 1 25
6403 7754 2 1 25
5324 2737 1 16 87
7834 10271 1 9 132
4867 7258 2 2 25
9498 3968 2 1 10
8072 1451 1 2 14
6896 9088 2 4 42
9348 4153 1 12 155
7488 2065 2 5 81
3759 2236 1 4 59
9933 3521 2 7 77
6890 5218 1 17 119
1733 8270 1 6 79
8170 5820 1 5 54
6097 7915 1 2 30
4114 1753 1 4 38
5861 8208 1 2 22
11246 435 1 2 12
7396 8510 2 4 58
4153 9781 1 14 95
10756 5094 2 2 20
9867 7817 1 8 46
1753 8210 1 9 124
10271 7678 1 14 124
10569 5406 2 6 35
8692 10960 1 2 23
4378 9500 1 6 53
9840 7795 2 7 97
9576 5 2 4 66
655 2990 1 8 104
10928 8636 1 11 116
250 5886 2 39 290
4194 5435 2 5 51
10395 1046 1 1 26
8550 7480 1 12 98
3146 8348 2 3 53
8539 3354 1 26 146
4388 5651 1 23 268
4 9581 1 86 235
7839 9919 1 12 167
3694 1882 1 23 105
780 2642 2 9 28
5274 10418 1 1 9
7544 10097 1 7 106
7651 2216 1 18 252
4413 5606 1 6 74
4076 9688 1 87 121
8391 3268 1 1 10
9168 10428 2 1 9
10436 5284 1 7 74
1682 8085 2 1 15
7331 337 1 9 76
2465 1078 2 199 277
1948 3728 1 16 210
1947 7810 1 5 25
5323 10547 1 3 27
10705 8866 1 8 86
5893 4085 1 8 81
3845 6168 1 2 33
4770 2938 1 19 26
8080 5658 2 11 157
6545 9097 1 10 111
17 9640 1 13 76
10536 5314 1 21 205
8576 2970 2 16 134
10357 1095 2 23 332
9628 36 1 11 89
6010 3656 1 4 39
3400 441 2 24 290
9879 7760 1 11 94
6604 9311 1 1 10
7256 8436 1 48 112
7829 5929 2 96 274
6621 5409 1 1 11
4009 1531 1 19 152
2597 1163 2 24 291
7987 6071 1 6 78
7817 9849 1 8 100
10014 3857 2 2 24
2214 7722 2 10 112
4132 9735 1 10 108
1998 7949 1 2 19
2313 3562 2 13 134
2906 4779 1 25 263
1882 7823 1 4 55
2672 8892 1 18 253
2134 7544 1 7 77
8692 2883 1 23 242
9151 10395 1 14 46
3427 2173 1 30 136
7001 622 1 19 269
3957 1719 2 3 29
3146 4546 2 6 50
9129 2540 1 18 166
7618 6187 2 10 150
5156 2713 2 20 148
8909 2839 2 4 27
6952 882 1 87 580
8295 5639 1 4 31
4167 1663 2 7 80
3772 6155 1 6 90
5080 2621 2 14 127
11162 4631 2 17 94
1682 4159 2 9 133
10146 3630 1 7 56
6066 7774 2 3 33
944 10674 1 7 91
5399 2464 1 151 210
3068 4727 1 6 96
10385 1176 2 9 86
4292 1499 1 21 281
1242 10418 1 2 33
1860 7874 1 10 149
4467 7356 2 5 59
7591 10288 2 11 95
7618 10114 1 29 188
3208 8556 1 7 62
5112 2622 1 14 204
118 1753 2 6 85
2966 4913 2 5 38
4755 11070 1 15 105
1022 10498 1 2 30
3893 6012 2 9 56
6827 9001 2 1 12
10098 3590 1 7 96
257 11274 1 16 155
3236 4641 2 22 162
11337 4496 1 20 198
5135 10705 1 22 159
4578 11137 1 6 68
4908 7052 2 10 59
2177 7669 1 7 52
9553 4114 1 4 54
10960 713 1 3 17
4442 3365 1 13 35
1206 6450 1 16 195
10995 8660 2 16 23
3060 8674 1 4 30
8085 9676 2 2 12
8559 7268 1 34 203
8906 2777 1 20 282
3532 6343 1 1 1
1959 7834 1 22 310
1245 6471 2 27 241
9030 2670 1 13 152
7874 6012 1 5 78
9902 7924 2 9 70
11135 8564 2 18 120
6071 7810 1 48 544
2054 3698 1 2 21
4060 1621 1 8 100
7656 2201 1 9 61
2966 8725 1 3 36
108 9735 1 23 180
431 3208 1 2 33
10346 5399 1 3 20
2304 7488 1 7 39
1905 7919 1 2 30
6477 5385 2 13 121
5385 2373 2 4 60
10838 8829 1 7 99
3941 5918 1 17 155
2313 7484 1 22 273
10401 9278 1 8 46
643 7088 2 4 54
713 10938 1 2 21
9561 8245 1 1 12
6669 9077 2 5 55
4167 9553 1 4 49
7710 10106 1 8 111
4327 5512 1 4 36
8436 11234 1 15 72
4085 5738 1 3 45
443 3225 1 1 11
4166 11092 1 9 60
6567 3530 2 13 88
5512 4494 1 2 16
3739 6783 1 10 115
4881 9744 2 14 158
4299 3289 2 21 154
5078 9933 1 13 187
9445 4578 1 35 250
1508 4663 1 44 243
5420 6408 1 9 86
1245 6401 1 37 353
213 3116 2 3 28
9229 6301 1 4 28
1826 802 1 8 62
4408 11331 1 8 11
10838 3908 2 15 87
10030 999 1 6 94
4546 5565 2 11 120
1975 5107 1 11 139
11079 213 2 26 186
3225 8318 1 5 80
9897 8899 2 8 123
4186 3199 2 22 96
10067 5135 1 42 149
8954 9963 1 15 138
708 9679 1 13 187
1695 706 1 44 149
9881 875 1 4 44
7179 4076 1 60 84
503 1452 1 32 229
1457 8571 1 4 48
11111 4255 2 16 207
2938 8116 1 9 23
11285 4310 1 19 140
1078 6196 2 1 4
4548 1480 1 10 103
10486 7711 2 4 57
7820 10606 2 3 42
2897 4009 1 2 22
6401 1163 2 2 27
3025 214 1 17 91
6990 8080 2 1 8
5124 9956 1 3 33
750 5838 1 5 70
583 1645 2 14 203
6992 8069 2 11 71
11157 8289 1 14 175
809 1947 1 139 784
8694 1566 2 5 28
4584 9548 1 7 88
2402 7577 1 45 173
4386 11219 1 20 51
4788 9587 1 8 77
5179 9943 2 3 21
6496 3482 2 3 45
9030 9954 1 11 145
884 9809 2 7 27
711 9749 2 11 99
10434 3445 2 13 38
7196 144 1 30 252
2362 7591 1 1 11
1826 887 1 1 18
9654 4913 1 3 40
6783 7943 2 85 199
432 5466 2 18 93
5570 8346 2 4 36
5746 4900 2 8 82
4937 6051 1 4 52
2635 7888 1 2 24
1758 4755 2 1 8
8374 5586 2 4 35
7920 2672 1 14 101
1200 6272 1 84 117
356 5642 1 4 46
5017 6119 1 1 8
2730 3888 2 1 10
5882 655 1 7 70
351 1465 1 5 52
1057 10253 1 10 112
6870 7769 1 23 139
9140 6403 2 2 11
3554 6490 1 5 57
3554 2390 1 2 31
1768 655 2 11 160
8201 10945 1 12 175
5337 2076 1 7 68
5409 6247 1 13 31
210 2992 1 18 218
4728 5792 1 14 202
3073 8029 2 3 38
10959 8201 1 16 80
3110 4017 2 15 104
7701 6554 2 16 108
8524 5535 1 9 133
9511 8432 1 5 69
9030 9881 1 2 40
1303 412 1 39 252
3583 6545 1 21 159
426 1368 2 6 64
4126 2914 1 18 172
10047 809 1 4 25
8800 5714 1 18 172
799 2012 1 9 86
6359 1022 1 16 232
5590 368 1 12 170
6756 3904 1 62 524
2029 4937 1 11 92
2335 1039 1 13 89
7701 10359 1 23 184
5080 9864 1 1 4
2236 9191 1 6 41
5845 556 2 13 129
8800 9561 1 21 186
9402 451 2 13 82
2909 250 1 36 505
10445 7618 2 2 14
4640 9337 1 10 141
10097 9314 1 1 6
4966 10047 1 2 32
2120 9292 1 2 26
9957 8896 2 17 152
9372 4615 1 25 179
8614 5846 1 5 62
5633 8346 1 2 19
6796 7898 2 8 72
10168 871 1 36 249
8694 5535 2 31 235
7256 59 1 11 77
1976 5339 1 17 190
1377 8688 1 4 38
214 7433 1 4 37
777 5644 2 31 157
7996 11111 1 5 67
1947 5286 1 1 13
5179 6405 1 13 140
6119 1205 1 10 82
1368 8692 1 11 95
10563 7987 1 7 64
8273 10940 1 19 155
3141 4388 1 26 185
6437 7767 2 12 131
9391 621 1 10 69
1719 8510 2 12 125
9585 4476 2 4 59
1660 8403 1 2 32
6395 5124 1 2 25
8488 1735 2 1 14
8737 1405 2 5 76
6747 3421 2 17 138
5500 634 1 152 294
8960 2252 1 2 25
4907 5607 1 106 880
7240 7 1 1 1
1095 1938 1 26 214
9348 8622 2 10 78
10215 5117 2 4 67
1880 5194 2 4 21
9705 413 1 18 209
5028 6261 2 6 82
10612 3461 2 8 115
6405 956 1 8 92
1343 8665 1 2 26
2008 9317 2 54 75
4819 9508 1 13 85
2897 8274 1 4 58
4825 5621 2 14 119
8373 1664 2 5 69
11135 117 1 51 313
9759 4579 1 5 57
11278 8243 1 10 137
6775 7495 1 13 125
7232 8080 2 15 103
10940 4183 1 4 61
5432 613 1 38 251
3210 20 1 20 181
9714 8568 2 2 29
9804 9152 2 1 11
9657 4479 1 29 140
1909 9052 2 33 238
708 1508 1 18 256
6450 7813 1 83 214
1480 4819 1 11 79
11185 5 2 16 104
6783 7508 1 12 101
6004 1060 2 3 30
8674 1273 2 11 107
7894 6684 2 4 48
6343 9012 1 10 97
5910 4584 2 7 58
3537 2852 2 3 35
5651 4812 1 6 89
7390 4114 2 13 97
7469 8140 1 4 28
9904 1035 1 3 39
4378 11008 2 46 124
4937 10195 1 8 28
7258 8080 2 23 195
11139 8107 1 3 24
8624 1328 2 6 34
3954 11246 1 6 57
3261 8242 1 9 121
10193 991 1 28 182
4183 3034 2 4 62
9654 8557 1 51 330
4869 9393 1 8 117
9831 5324 1 10 45
7627 10597 1 1 16
1405 8576 2 2 26
36 11227 1 15 99
10128 5112 1 22 191
8866 6326 1 13 116
4302 6972 2 4 61
4998 10309 2 4 56
4417 10945 1 35 418
9259 9840 1 18 153
3414 2777 1 9 119
5286 10048 1 1 14
1430 583 2 1 14
999 2153 1 5 48
9953 9130 2 2 34
413 5714 1 12 134
8484 9610 1 7 104
2966 4386 1 7 68
8922 10290 1 7 66
4194 11008 2 11 151
7649 2621 2 7 97
7823 2596 2 12 69
4919 9391 1 5 69
9514 648 1 8 103
5628 605 1 20 283
4239 10983 1 5 75
10830 3492 1 5 69
4 3336 2 10 73
5910 337 1 35 287
871 2298 1 11 27
8999 2072 1 4 57
8557 9601 2 13 72
6096 1109 1 12 124
9561 4615 2 56 466
8852 2302 1 7 66
10325 8852 1 12 57
7842 6612 1 3 30
6136 9077 1 31 433
884 10274 1 16 235
8188 7331 1 1 16
3630 10620 1 58 340
3606 2730 2 9 94
11008 8304 2 3 41
790 6389 1 4 32
7414 4 2 5 21
5913 8353 2 134 651
3469 6930 1 8 47
5980 1242 1 27 182
4053 11163 1 7 53
4310 10935 2 15 153
10945 4340 1 1 13
8107 11275 1 16 223
4755 9475 2 1 13
2390 7950 2 44 248
4531 9689 1 10 57
280 5913 2 76 599
10195 913 1 1 8
4761 5586 1 18 161
6150 1017 1 13 122
1057 10014 2 13 80
8143 3261 1 1 22
1556 4674 1 13 113
7390 3976 1 1 9
8385 1735 1 8 87
1869 1206 2 35 49
10011 5220 1 1 9
10929 4332 2 8 81
8304 7100 1 8 105
6138 1046 2 37 217
1076 1998 2 2 32
3530 3010 2 2 27
5185 5656 2 6 78
1597 5229 1 16 188
6145 4634 1 11 64
634 10168 1 1 16
233 2583 1 10 121
6477 3957 2 31 213
3728 7286 1 2 32
8270 2707 1 5 72
9662 9195 2 11 100
10569 4167 2 19 125
4677 2084 1 15 106
9474 932 1 34 293
7494 2906 1 6 80
9314 5890 1 1 20
2102 4677 1 110 280
3904 3351 1 1 15
503 2033 1 2 34
1720 1144 1 4 61
8374 1843 2 5 57
9972 417 2 14 53
4344 10729 1 7 93
9097 5671 1 17 76
8318 2687 1 13 193
11156 7754 2 5 72
3365 7890 1 4 68
7840 7240 1 15 79
3772 11140 1 2 16
6661 4065 2 2 22
7722 7121 1 26 168
11007 7710 1 10 122
9195 1599 2 6 93
806 5512 1 1 21
2913 7576 1 19 96
3711 11190 1 4 35
8790 2223 2 6 95
1205 9704 1 8 71
7813 11111 1 10 52
4166 2519 1 2 32
10420 7996 1 1 8
3976 6448 1 2 20
7928 3384 1 13 51
10099 598 2 8 81
5494 8841 2 5 79
233 10523 1 10 140
7949 11219 1 4 37
8885 9348 1 14 150
7475 7915 1 18 224
1663 9094 2 14 153
887 5466 1 4 55
4024 10385 2 9 98
7179 3606 2 7 85
4812 10309 1 20 133
11044 7651 1 11 86
2062 4584 2 6 39
7458 7878 2 2 29
10288 692 2 1 23
8568 9953 2 4 41
8639 2102 1 1 21
3944 2465 1 227 315
2406 3994 2 10 50
9007 9491 1 6 43
3408 10959 1 3 24
1462 5135 1 8 79
6109 8526 1 80 620
10525 4121 1 215 407
3414 10958 1 12 103
2652 4255 2 3 38
9004 1451 1 8 69
7354 7769 1 1 11
4159 6554 2 10 139
5856 1076 2 16 73
5314 9563 2 16 148
4036 2349 1 12 71
9374 5114 1 130 180
10962 7723 1 73 222
3424 3025 1 2 20
172 2389 1 6 95
3501 3092 2 18 186
5271 5856 2 45 251
4053 10349 1 2 23
7484 3050 1 2 25
3692 3283 1 26 279
6251 4891 2 2 12
5629 8885 1 6 96
10346 8171 1 19 230
1321 8960 1 4 56
7769 11265 1 2 29
2810 4194 2 11 71
6986 7669 1 51 457
8571 9879 1 4 46
5361 1561 1 77 772
3634 10959 1 32 163
8112 6677 1 22 276
8674 6357 1 3 28
5500 9046 1 2 29
6568 8200 1 11 78
8348 1976 1 20 205
9636 5409 1 13 96
3711 3298 2 3 26
706 2079 1 44 199
6511 250 2 23 151
3298 3707 1 11 138
7915 3261 1 12 36
3787 11265 2 8 92
4407 2650 1 7 52
7183 7533 1 2 28
4716 2304 2 11 74
424 9904 1 1 14
9904 4585 1 13 170
1598 1245 2 6 70
10941 3554 1 13 131
7479 7795 1 10 85
7627 10919 1 1 19
5656 9278 2 3 37
8244 6484 2 6 81
8171 2464 1 32 212
3454 3133 2 13 71
9015 5432 1 28 177
10776 8274 1 137 465
1078 9705 1 20 280
8810 10097 1 14 206
9068 5892 2 1 14
9077 5902 2 56 371
2104 4881 2 21 301
7286 7928 1 3 50
10929 7678 1 12 110
10935 7676 2 3 47
1040 1758 1 9 78
8227 10385 2 1 9
7544 11050 1 2 18
9007 1320 2 39 319
6495 4121 1 28 278
11038 7566 1 7 75
620 6341 1 28 197
4008 10508 2 5 69
8207 2406 2 8 40
1439 8899 2 1 2
6930 4192 1 36 176
6726 4391 1 8 118
10674 8099 1 39 55
7774 2908 2 5 73
2518 4337 1 17 132
3888 7179 1 12 134
621 9879 1 11 153
1303 9084 2 17 223
8614 1880 2 1 5
9915 4794 1 15 141
4952 5684 1 2 29
10378 4229 2 9 135
5466 5224 1 3 43
8264 10425 1 22 202
10274 424 1 7 101
8038 6763 1 83 937
3630 11293 1 3 44
2033 8818 1 11 105
9992 4907 1 70 571
2065 4900 1 5 44
8668 9867 1 48 307
605 9915 1 13 138
5945 8624 2 13 101
3034 3857 1 1 26
713 6054 1 9 88
309 10100 1 1 8
882 9628 1 13 181
7048 7842 1 6 50
10685 118 2 6 89
5640 9285 2 9 129
9266 5642 1 2 21
8200 2878 1 11 86
3626 3387 1 2 28
4193 2372 2 12 171
2373 4193 2 53 175
1259 5602 1 5 55
556 9897 2 18 138
2212 4623 1 19 275
441 6408 1 6 48
2012 4805 2 76 497
8245 2811 1 13 139
459 2328 2 2 33
8725 6136 1 11 95
2997 3711 1 52 98
8879 9657 1 1 14
3524 11139 1 12 123
9809 4757 1 17 124
4584 6359 1 59 475
5684 840 1 1 11
9187 1303 2 14 96
991 5810 1 11 80
5966 8628 2 2 19
4193 6572 1 47 220
374 10098 1 3 49
3501 11157 1 23 230
11195 3421 1 3 39
5326 5651 2 1 18
7913 11044 1 11 83
840 9604 1 12 107
3421 7331 1 4 57
5551 1259 2 2 40
5323 1500 2 2 11
2120 8391 1 1 19
7480 3537 2 45 200
6759 68 1 10 91
6197 364 1 6 85
9191 5433 1 16 223
2164 288 1 15 217
6196 8445 2 14 154
2721 3943 1 7 74
3707 11018 2 1 22
4584 6206 2 4 43
280 2223 2 6 59
8636 2018 1 12 89
2008 8629 2 4 37
11018 3711 1 87 146
7890 2897 1 122 170
903 5671 1 1 3
4220 6604 1 9 79
6721 4053 1 50 406
3580 11139 1 13 186
9498 9140 2 1 16
4229 2540 1 29 147
9653 5179 2 17 163
3199 3583 1 2 35
2540 4220 1 5 74
7656 11156 2 76 105
8818 9902 2 19 219
2223 4433 2 5 27
8771 6029 1 13 148
10290 356 1 4 52
10080 443 1 10 101
3694 11038 1 9 80
2164 4615 2 5 49
2241 4436 1 10 79
692 5930 2 5 69
9653 944 1 10 67
8295 2552 1 14 160
426 10086 1 3 48
2615 8170 1 13 102
7461 7555 2 10 80
545 9985 1 11 126
257 10261 2 23 222
582 9940 1 5 63
9278 9410 2 8 112
2852 8099 2 39 54
4299 2401 1 12 152
2833 112 2 1 4
10290 8325 2 17 128
1302 1235 2 3 17
5838 884 1 38 118
1785 4966 1 4 35
7987 7020 1 8 116
8398 2212 1 7 50
6343 4531 1 8 121
5929 8769 2 11 125
4784 9965 1 1 18
2996 7913 1 1 27
1881 8810 1 32 305
782 5861 1 1 17
4615 6196 2 3 33
4467 2304 1 3 35
3760 10983 2 6 76
4835 1938 1 23 201
5207 1477 2 13 100
4192 6647 1 14 46
4470 2313 1 44 309
4716 2065 1 5 67
4391 10401 1 14 195
3961 10802 2 15 36
1273 1240 2 6 88
7468 3427 1 75 455
7143 3759 1 10 149
8458 2227 1 2 26
4848 1909 2 5 71
7051 7919 1 17 62
11092 7767 1 5 65
5040 5813 1 3 34
10563 4178 2 9 102
10238 4531 1 2 28
9965 8639 1 1 5
7950 2955 1 50 236
6388 309 1 3 38
2908 3893 1 5 65
6261 432 2 9 109
6238 8526 1 19 229
10851 12 2 5 50
5561 5274 1 3 17
11344 3409 1 16 158
7914 7047 1 40 410
4952 5893 1 1 12
5872 809 1 1 19
2328 4436 2 2 30
673 9910 1 21 170
4779 1956 1 8 112
8556 2084 1 39 440
871 9698 1 9 126
2100 4641 1 43 141
8818 1830 1 20 173
2330 270 2 5 68
