1395 2193 54000 1 15
48.8562 2.31502
48.844 2.32425
48.8557 2.30497
48.8553 2.33775
48.8396 2.33864
48.8536 2.33301
48.8453 2.3114
48.8619 2.29879
48.8606 2.31999
48.8602 2.30303
48.8511 2.34153
48.8532 2.34622
48.8351 2.3264
48.8507 2.32527
48.8465 2.32073
48.8552 2.33321
48.8517 2.34202
48.854 2.34736
48.8515 2.32679
48.8517 2.33586
48.8376 2.32239
48.8436 2.35506
48.8508 2.30926
48.8543 2.34489
48.842 2.32967
48.8574 2.31811
48.8519 2.31378
48.8403 2.35091
48.8427 2.32772
48.8523 2.33872
48.8519 2.33456
48.856 2.30802
48.855 2.30535
48.8341 2.3309
48.8476 2.32279
48.8434 2.31405
48.841 2.3361
48.8463 2.3242
48.8599 2.31018
48.841 2.35117
48.8541 2.30956
48.8498 2.33841
48.8582 2.31463
48.8617 2.30212
48.8459 2.31352
48.8555 2.3051
48.8455 2.35599
48.8603 2.30088
48.8453 2.32829
48.8475 2.31627
48.8413 2.34347
48.8589 2.3192
48.8366 2.32584
48.8608 2.318
48.8489 2.30931
48.8561 2.32722
48.8496 2.3489
48.8542 2.33567
48.8515 2.31049
48.8614 2.32041
48.8514 2.30666
48.8624 2.30964
48.8577 2.32797
48.8442 2.33302
48.8496 2.34487
48.8411 2.32145
48.86 2.32172
48.8538 2.33341
48.8502 2.31773
48.8406 2.35295
48.8503 2.32992
48.8506 2.35752
48.8564 2.29821
48.853 2.3036
48.8501 2.34834
48.8537 2.3384
48.8568 2.30356
48.8397 2.32125
48.8581 2.31115
48.8437 2.35274
48.8431 2.31664
48.8583 2.30249
48.8521 2.34263
48.8422 2.34633
48.859 2.29345
48.8518 2.33372
48.8476 2.30882
48.8532 2.33259
48.8528 2.34664
48.8411 2.33627
48.8388 2.32431
48.8555 2.33394
48.8487 2.34737
48.8467 2.32812
48.8418 2.3223
48.8432 2.32049
48.854 2.33607
48.8413 2.31797
48.8538 2.3068
48.8415 2.33074
48.8517 2.31005
48.8475 2.31127
48.8524 2.32645
48.8445 2.34925
48.8523 2.33003
48.8612 2.30224
48.8586 2.31984
48.8469 2.30998
48.861 2.30121
48.8553 2.34153
48.8566 2.32681
48.8503 2.35227
48.8472 2.31119
48.8402 2.33481
48.8487 2.33276
48.8548 2.32922
48.8582 2.31869
48.8464 2.34254
48.8547 2.30551
48.8488 2.31142
48.8493 2.35616
48.8466 2.30869
48.8532 2.3175
48.8501 2.32732
48.8452 2.34512
48.8565 2.30588
48.8511 2.3513
48.8513 2.3357
48.8481 2.35047
48.8508 2.31166
48.8351 2.32963
48.8506 2.34643
48.8434 2.34707
48.8497 2.35037
48.8563 2.30536
48.8488 2.30894
48.8385 2.3295
48.8514 2.34934
48.8536 2.3256
48.8557 2.33351
48.8517 2.32787
48.85 2.3549
48.8532 2.31194
48.8522 2.33666
48.8527 2.30857
48.8484 2.34278
48.8505 2.33304
48.8464 2.32732
48.8551 2.31921
48.8529 2.34602
48.8469 2.34536
48.8512 2.30954
48.8504 2.32461
48.8558 2.29594
48.8489 2.34746
48.845 2.34917
48.8514 2.3319
48.8528 2.34383
48.8417 2.34827
48.86 2.31555
48.8494 2.35616
48.8555 2.30494
48.853 2.35119
48.8467 2.31194
48.8443 2.33755
48.8498 2.313
48.8566 2.3065
48.8427 2.32983
48.8479 2.31599
48.8398 2.34721
48.8524 2.32671
48.8496 2.35089
48.8452 2.32856
48.8423 2.32112
48.8572 2.31877
48.8501 2.33474
48.8414 2.31787
48.8608 2.31883
48.8394 2.33001
48.8562 2.30246
48.8599 2.30963
48.8587 2.30315
48.836 2.32763
48.8413 2.33304
48.861 2.31497
48.8568 2.29737
48.8612 2.30253
48.8543 2.30547
48.8519 2.33525
48.8554 2.29715
48.8559 2.32548
48.8617 2.30831
48.8598 2.31815
48.854 2.33593
48.858 2.30812
48.8487 2.34437
48.8476 2.31085
48.8502 2.30572
48.8495 2.35645
48.8509 2.31244
48.8503 2.33081
48.856 2.29743
48.8538 2.33286
48.8416 2.3484
48.8463 2.33001
48.8513 2.3435
48.8498 2.30808
48.8415 2.32978
48.8598 2.32867
48.8438 2.34233
48.8484 2.34277
48.8377 2.3356
48.8504 2.32773
48.8517 2.3384
48.8595 2.30127
48.8565 2.32528
48.8481 2.32793
48.8571 2.33651
48.8502 2.33401
48.8515 2.31449
48.8406 2.34091
48.8486 2.34851
48.8598 2.30301
48.8562 2.30486
48.8373 2.33656
48.8617 2.30668
48.847 2.3168
48.8409 2.34966
48.8588 2.33262
48.8533 2.33087
48.8493 2.35713
48.8558 2.34255
48.8492 2.31404
48.8484 2.33165
48.8629 2.31519
48.8457 2.34589
48.8492 2.33842
48.8542 2.31966
48.8532 2.31271
48.8559 2.33425
48.8527 2.33369
48.8428 2.32187
48.8405 2.3409
48.8517 2.32481
48.8489 2.34982
48.858 2.31523
48.854 2.33551
48.8498 2.34716
48.858 2.30852
48.8445 2.34531
48.8384 2.33935
48.8443 2.34205
48.8512 2.34922
48.847 2.34535
48.8466 2.3416
48.8435 2.33033
48.857 2.32462
48.8544 2.33579
48.8406 2.32407
48.8432 2.3514
48.8454 2.31902
48.8406 2.34079
48.8594 2.29747
48.8343 2.33093
48.8466 2.34442
48.8469 2.31195
48.8419 2.32262
48.86 2.32468
48.8579 2.30725
48.8547 2.33932
48.8347 2.32764
48.8558 2.32572
48.8535 2.33337
48.8592 2.29261
48.8629 2.31807
48.8537 2.32774
48.8367 2.33827
48.8516 2.30149
48.8522 2.35369
48.8474 2.31202
48.8473 2.34083
48.8469 2.32147
48.8474 2.31122
48.854 2.33202
48.8617 2.30752
48.849 2.3341
48.8486 2.34626
48.8611 2.30833
48.8467 2.31119
48.8418 2.33777
48.8444 2.34962
48.8413 2.34368
48.8616 2.30215
48.8432 2.35222
48.8561 2.32594
48.8498 2.33794
48.849 2.32542
48.8416 2.31832
48.8557 2.30483
48.8514 2.30973
48.8538 2.34429
48.8509 2.3413
48.8533 2.3459
48.8507 2.33189
48.8425 2.32841
48.8396 2.33655
48.8558 2.30303
48.8459 2.35058
48.8434 2.34156
48.8576 2.30014
48.8525 2.33654
48.8596 2.32927
48.8448 2.3497
48.8454 2.31083
48.8473 2.34862
48.8492 2.33903
48.8588 2.30051
48.8432 2.34959
48.8511 2.34447
48.8494 2.34475
48.8416 2.31896
48.8412 2.3398
48.8622 2.30132
48.8543 2.33107
48.8564 2.33989
48.8596 2.30116
48.8447 2.35474
48.8496 2.32647
48.8487 2.34633
48.848 2.31616
48.8513 2.33379
48.8444 2.32898
48.8518 2.33672
48.842 2.32946
48.8545 2.33686
48.8393 2.33833
48.8576 2.33057
48.8603 2.301
48.8521 2.33659
48.8626 2.30913
48.8503 2.30538
48.8479 2.31942
48.8446 2.31835
48.8528 2.33443
48.8508 2.30619
48.8511 2.33072
48.8474 2.34851
48.8617 2.30934
48.8534 2.34017
48.8504 2.31855
48.8508 2.34554
48.8472 2.32749
48.8494 2.31513
48.8469 2.31012
48.8386 2.3365
48.8589 2.29331
48.8603 2.30098
48.8478 2.35953
48.8448 2.35698
48.8521 2.34049
48.8447 2.32129
48.8394 2.33042
48.8507 2.32697
48.8391 2.33065
48.846 2.31385
48.8377 2.33118
48.8404 2.35116
48.8617 2.29606
48.8588 2.32487
48.8491 2.33904
48.8623 2.30543
48.857 2.29407
48.8376 2.32245
48.8487 2.30882
48.8426 2.34291
48.8503 2.34756
48.8382 2.32244
48.8395 2.33014
48.8514 2.32685
48.854 2.30954
48.8424 2.32116
48.8607 2.3254
48.8364 2.32662
48.8592 2.30508
48.8534 2.3262
48.8607 2.32572
48.8611 2.3032
48.8569 2.29893
48.8386 2.33085
48.8469 2.34271
48.8382 2.34414
48.847 2.33246
48.8539 2.34777
48.842 2.33519
48.86 2.31311
48.8462 2.32414
48.8374 2.32864
48.841 2.32135
48.852 2.3397
48.8559 2.30807
48.8423 2.32939
48.8464 2.3472
48.8599 2.30073
48.8573 2.30992
48.8565 2.32112
48.8503 2.3439
48.8423 2.34582
48.847 2.31152
48.8522 2.3463
48.8357 2.32494
48.8345 2.33252
48.8513 2.35086
48.8509 2.34111
48.8401 2.33657
48.8389 2.32034
48.8431 2.32935
48.8534 2.34096
48.8506 2.33398
48.8401 2.34978
48.8597 2.32959
48.8614 2.31502
48.8415 2.32352
48.844 2.33063
48.8477 2.31335
48.853 2.34567
48.8368 2.32322
48.8554 2.31805
48.8512 2.31414
48.8453 2.31972
48.8594 2.32966
48.8585 2.3024
48.8475 2.34092
48.8554 2.33987
48.8456 2.34684
48.854 2.32386
48.8341 2.33092
48.8432 2.31669
48.8496 2.35616
48.8566 2.30316
48.8518 2.3374
48.8558 2.30513
48.8605 2.29564
48.8434 2.33752
48.8433 2.32061
48.854 2.30651
48.8626 2.31907
48.8432 2.32758
48.8586 2.29857
48.8486 2.34222
48.8566 2.32692
48.8538 2.31335
48.8518 2.31385
48.8405 2.33371
48.8401 2.34813
48.8436 2.33009
48.8537 2.33797
48.8499 2.34944
48.8485 2.30678
48.847 2.31225
48.8419 2.32971
48.8494 2.33173
48.8397 2.32355
48.8393 2.3301
48.8577 2.31918
48.8494 2.3457
48.8526 2.35219
48.8527 2.32511
48.8393 2.33997
48.8515 2.33706
48.8492 2.35591
48.8498 2.32329
48.8613 2.32055
48.8472 2.31641
48.8497 2.34785
48.8418 2.34332
48.8547 2.326
48.8488 2.3122
48.8493 2.35592
48.8397 2.3325
48.86 2.30293
48.8449 2.34232
48.8515 2.3402
48.8409 2.33732
48.8561 2.29838
48.8514 2.34812
48.8451 2.34557
48.8542 2.3389
48.8515 2.32686
48.8584 2.30227
48.8612 2.30237
48.8498 2.34422
48.8469 2.31691
48.8563 2.33168
48.8406 2.32148
48.8534 2.30981
48.8337 2.32787
48.8563 2.3366
48.8514 2.34795
48.8568 2.2987
48.8518 2.33705
48.8527 2.34762
48.8401 2.33683
48.8503 2.3318
48.861 2.31898
48.8519 2.3492
48.8453 2.31177
48.8463 2.33104
48.8622 2.31161
48.8399 2.32745
48.8507 2.3526
48.84 2.3252
48.8416 2.32724
48.8525 2.33658
48.8595 2.30141
48.8513 2.34792
48.8591 2.32021
48.8493 2.33783
48.8401 2.32195
48.8424 2.35449
48.8499 2.33899
48.8541 2.30721
48.8461 2.35449
48.8462 2.31788
48.8471 2.32697
48.8427 2.35213
48.852 2.33995
48.8486 2.32461
48.8383 2.34562
48.8425 2.33637
48.8455 2.35833
48.8596 2.30734
48.8454 2.31178
48.8441 2.34574
48.8503 2.34265
48.856 2.32723
48.8448 2.32937
48.8568 2.29917
48.8538 2.31272
48.8582 2.3228
48.8411 2.35262
48.8596 2.3009
48.8581 2.30145
48.8628 2.31345
48.8585 2.30363
48.8503 2.34454
48.8605 2.29524
48.8413 2.32487
48.8524 2.34055
48.8534 2.34149
48.8433 2.33137
48.8573 2.30476
48.8589 2.29687
48.8513 2.3329
48.8402 2.35051
48.8406 2.32328
48.8427 2.35146
48.8585 2.3297
48.8389 2.32214
48.8432 2.32431
48.8404 2.3276
48.8469 2.3455
48.8469 2.34283
48.8533 2.31158
48.8505 2.31453
48.8421 2.3413
48.8577 2.30594
48.8551 2.30673
48.8508 2.30911
48.8416 2.35108
48.8619 2.30201
48.8473 2.3407
48.855 2.31995
48.8595 2.30629
48.8577 2.33534
48.8538 2.34413
48.8544 2.3407
48.8489 2.31271
48.8516 2.32677
48.8524 2.34541
48.851 2.33952
48.8442 2.33802
48.8429 2.32186
48.8517 2.3249
48.8534 2.32641
48.8449 2.33241
48.8478 2.31131
48.8581 2.32351
48.8436 2.31466
48.8368 2.32403
48.8477 2.31908
48.8546 2.34091
48.8597 2.31133
48.8489 2.34177
48.8379 2.34429
48.8624 2.31104
48.8406 2.32432
48.8481 2.34708
48.8534 2.34414
48.8536 2.33914
48.8525 2.3359
48.8624 2.3104
48.8397 2.33656
48.8521 2.3268
48.8499 2.32805
48.8467 2.32831
48.8434 2.32401
48.8544 2.30565
48.8469 2.36096
48.8611 2.30548
48.8472 2.34862
48.8401 2.32167
48.8408 2.34098
48.8539 2.3103
48.8513 2.3107
48.8603 2.31827
48.8438 2.3494
48.855 2.30866
48.8492 2.32585
48.8451 2.35469
48.8338 2.33002
48.8474 2.30821
48.8408 2.35186
48.85 2.32716
48.8525 2.33875
48.8533 2.33535
48.8611 2.32419
48.8403 2.33699
48.8466 2.34898
48.8487 2.35034
48.8623 2.30195
48.8516 2.31253
48.8413 2.33182
48.842 2.32969
48.8542 2.33104
48.8422 2.35362
48.8459 2.31973
48.8551 2.33078
48.8551 2.30545
48.8531 2.32533
48.8574 2.31822
48.8375 2.32292
48.8611 2.30864
48.8556 2.34273
48.8438 2.31533
48.8507 2.33806
48.8593 2.29246
48.8539 2.33271
48.8403 2.34601
48.8484 2.34147
48.8389 2.3397
48.8539 2.31143
48.8524 2.34176
48.8622 2.31965
48.8451 2.32021
48.8511 2.35592
48.8465 2.31718
48.8538 2.31215
48.8589 2.32609
48.8527 2.30876
48.8557 2.29899
48.8518 2.33668
48.8504 2.35354
48.8562 2.30806
48.8499 2.34364
48.8598 2.30885
48.8545 2.33587
48.8569 2.30004
48.8427 2.33176
48.85 2.34609
48.8472 2.34143
48.8569 2.32848
48.8405 2.34768
48.8462 2.31112
48.8354 2.32911
48.8474 2.31232
48.8531 2.34682
48.8545 2.33364
48.8495 2.319
48.8626 2.31043
48.8392 2.34579
48.8469 2.30991
48.855 2.30966
48.8406 2.3452
48.8561 2.30675
48.8429 2.34819
48.8626 2.31515
48.8491 2.33868
48.8362 2.32723
48.8516 2.32684
48.8502 2.30535
48.8495 2.30782
48.844 2.3233
48.8495 2.35243
48.8624 2.31987
48.8526 2.34204
48.86 2.31484
48.8461 2.32365
48.8376 2.32798
48.8514 2.33206
48.8566 2.29893
48.8471 2.35122
48.8579 2.3293
48.8624 2.30162
48.8579 2.29744
48.8415 2.34992
48.8434 2.33865
48.8489 2.34047
48.8519 2.34339
48.8416 2.35159
48.8455 2.31106
48.8518 2.33869
48.8353 2.32921
48.8584 2.3112
48.844 2.35157
48.8529 2.34322
48.8412 2.32344
48.8606 2.29863
48.8429 2.32716
48.8541 2.33154
48.8567 2.29632
48.8478 2.31111
48.8517 2.31903
48.8378 2.33114
48.8529 2.3407
48.8576 2.33276
48.8587 2.30063
48.8444 2.33007
48.8449 2.36424
48.8524 2.34291
48.8347 2.33131
48.856 2.30036
48.8611 2.32067
48.84 2.32163
48.8526 2.33317
48.8597 2.30132
48.8518 2.31609
48.8354 2.32931
48.8528 2.34667
48.8461 2.31424
48.8484 2.32054
48.8401 2.32762
48.8402 2.3519
48.8547 2.33293
48.855 2.32629
48.8533 2.33553
48.8472 2.34813
48.8558 2.29786
48.8448 2.34663
48.8564 2.30088
48.8482 2.32018
48.8518 2.33987
48.8344 2.32843
48.8456 2.34268
48.845 2.31983
48.8498 2.34595
48.8549 2.30311
48.8508 2.30579
48.8463 2.34263
48.8593 2.31475
48.85 2.31269
48.8497 2.31996
48.8424 2.32956
48.8414 2.33126
48.8576 2.33608
48.8593 2.31129
48.8499 2.34903
48.849 2.32874
48.857 2.33841
48.8446 2.34756
48.8416 2.35583
48.8494 2.35442
48.842 2.3321
48.8502 2.34814
48.8491 2.33893
48.8526 2.33319
48.858 2.3185
48.8492 2.34856
48.8383 2.32623
48.8515 2.33826
48.838 2.34378
48.8461 2.34116
48.8513 2.33531
48.8431 2.3169
48.8463 2.35122
48.8456 2.32865
48.8553 2.33675
48.8599 2.31136
48.844 2.33895
48.8518 2.34143
48.847 2.32665
48.843 2.32918
48.8535 2.33467
48.8505 2.31958
48.8341 2.32912
48.8587 2.29154
48.8513 2.33362
48.854 2.3093
48.8483 2.34611
48.8452 2.31105
48.8624 2.31164
48.8468 2.31664
48.86 2.32458
48.8483 2.35088
48.8437 2.3542
48.8571 2.3043
48.8528 2.33921
48.8518 2.32675
48.8431 2.32643
48.8465 2.31716
48.8418 2.34787
48.835 2.33297
48.8468 2.34336
48.8603 2.29379
48.8384 2.34207
48.8463 2.34025
48.8538 2.32737
48.843 2.35218
48.8579 2.33622
48.8541 2.30694
48.8574 2.29824
48.8521 2.3299
48.8443 2.3452
48.841 2.35071
48.8364 2.32709
48.8577 2.3239
48.85 2.33871
48.8542 2.30731
48.8504 2.31239
48.8493 2.33595
48.8548 2.30635
48.8421 2.35366
48.8555 2.30525
48.8468 2.31006
48.8524 2.33925
48.8543 2.319
48.837 2.32523
48.8499 2.33999
48.8525 2.34471
48.842 2.3228
48.8572 2.33862
48.8411 2.32474
48.8465 2.34722
48.8487 2.33258
48.8492 2.33883
48.8372 2.32402
48.8514 2.34317
48.8414 2.33896
48.8542 2.34219
48.8495 2.33272
48.8489 2.33904
48.8501 2.35903
48.8403 2.32775
48.8404 2.33671
48.8451 2.3288
48.8406 2.32176
48.8441 2.32021
48.8572 2.30441
48.859 2.30425
48.8556 2.32342
48.8497 2.35595
48.8517 2.32352
48.8536 2.3471
48.8473 2.34832
48.8556 2.29691
48.8417 2.35199
48.8599 2.29664
48.8422 2.32046
48.8442 2.32423
48.8504 2.30522
48.8518 2.32842
48.8561 2.34279
48.856 2.30813
48.8389 2.33987
48.8487 2.34168
48.8468 2.34603
48.843 2.32191
48.846 2.34486
48.8557 2.29757
48.8491 2.31384
48.8525 2.34509
48.8516 2.33114
48.8405 2.35057
48.8584 2.32582
48.8468 2.31217
48.8409 2.34078
48.8427 2.34136
48.8571 2.3042
48.8414 2.34964
48.8471 2.34196
48.8463 2.31752
48.844 2.32273
48.8481 2.32498
48.8561 2.34041
48.8554 2.30714
48.8532 2.34319
48.8618 2.30146
48.8416 2.35083
48.8437 2.32427
48.8354 2.32572
48.85 2.35321
48.859 2.32265
48.8576 2.29992
48.8504 2.3488
48.8488 2.34176
48.8593 2.33021
48.8533 2.30948
48.8532 2.35056
48.8352 2.33
48.8516 2.35416
48.8518 2.34955
48.8564 2.29794
48.8419 2.32948
48.8578 2.30654
48.8436 2.34812
48.8452 2.32043
48.8388 2.34572
48.8597 2.30764
48.8488 2.34234
48.8564 2.29685
48.8422 2.35206
48.8532 2.32714
48.855 2.33958
48.8534 2.33412
48.8411 2.34126
48.8489 2.33901
48.8579 2.30782
48.8497 2.30791
48.8459 2.33138
48.8575 2.33807
48.8395 2.32224
48.8563 2.30274
48.854 2.33197
48.8427 2.3527
48.8413 2.34355
48.841 2.33249
48.854 2.30854
48.854 2.33589
48.8548 2.3361
48.8504 2.34729
48.8607 2.32569
48.8426 2.3473
48.8405 2.35171
48.8478 2.30954
48.8574 2.3289
48.858 2.29545
48.8387 2.34047
48.8472 2.3486
48.8549 2.30541
48.8498 2.33903
48.8619 2.31158
48.8492 2.33094
48.847 2.34251
48.8396 2.33726
48.8412 2.34374
48.8397 2.32181
48.8573 2.30204
48.8537 2.31473
48.8571 2.30969
48.85 2.34899
48.8561 2.30481
48.8454 2.31075
48.8433 2.35271
48.835 2.33219
48.8412 2.34363
48.853 2.3428
48.8397 2.33678
48.8445 2.32446
48.8511 2.30941
48.8529 2.33699
48.8439 2.32287
48.858 2.30934
48.8611 2.30944
48.846 2.3105
48.8487 2.3423
48.8584 2.31243
48.8591 2.30044
48.8438 2.32915
48.8598 2.30294
48.8543 2.32613
48.8507 2.32716
48.8482 2.33102
48.8455 2.3468
48.8467 2.34641
48.8515 2.33909
48.8423 2.32958
48.8394 2.33056
48.8624 2.30225
48.8531 2.31922
48.8493 2.33734
48.8578 2.3353
48.8533 2.31299
48.8603 2.32361
48.8521 2.3366
48.8626 2.31516
48.8624 2.30924
48.8552 2.29688
48.8557 2.33669
48.8563 2.29516
48.859 2.29695
48.8607 2.3188
48.8508 2.34903
48.8446 2.34958
48.8592 2.30514
48.8521 2.34811
48.8453 2.31105
48.8478 2.32523
48.8404 2.34973
48.8595 2.323
48.8617 2.30545
48.8525 2.337
48.857 2.33228
48.8475 2.34318
48.848 2.31974
48.8517 2.33664
48.8518 2.3147
48.8425 2.34427
48.8574 2.30509
48.8531 2.33128
48.8568 2.33035
48.8441 2.32379
48.8425 2.31597
48.8539 2.31475
48.8468 2.31659
48.8403 2.35094
48.8589 2.30334
48.8527 2.33774
48.8503 2.3327
48.8513 2.34798
48.8503 2.35852
48.8521 2.34032
48.8418 2.33742
48.8449 2.33234
48.8569 2.32818
48.861 2.30132
48.8538 2.3048
48.8494 2.35685
48.8527 2.32366
48.8596 2.31146
48.8506 2.35306
48.8444 2.33287
48.855 2.32457
48.8515 2.34724
48.8588 2.31297
48.8518 2.33989
48.8527 2.33394
48.8529 2.30827
48.8559 2.30688
48.8447 2.3188
48.8484 2.3494
48.852 2.34416
48.8381 2.32603
48.8384 2.32234
48.8435 2.32467
48.8524 2.33169
48.8466 2.34697
48.8501 2.32977
48.8591 2.3006
48.859 2.29316
48.8362 2.32542
48.8521 2.33702
48.8588 2.30315
48.8478 2.34242
48.8551 2.30816
48.8511 2.30703
48.8475 2.34022
48.8478 2.32408
48.8425 2.33818
48.8416 2.34829
48.8625 2.30196
48.8596 2.31479
48.8525 2.33579
48.8532 2.33589
48.8533 2.34228
48.8526 2.33316
48.8502 2.34522
48.8555 2.30708
48.8496 2.34699
48.8395 2.33759
48.8625 2.30536
48.8564 2.32408
48.8483 2.31579
48.8623 2.30748
48.8624 2.30129
48.8385 2.32262
48.8545 2.33046
48.8404 2.34891
48.8488 2.34187
48.8611 2.30981
48.8478 2.32956
48.8518 2.31712
48.8611 2.30699
48.845 2.34489
48.8616 2.302
48.848 2.31448
48.8582 2.3187
48.835 2.32983
48.8592 2.3238
48.8555 2.32984
48.8564 2.32656
48.8595 2.29298
48.8575 2.30022
48.8405 2.3409
48.8517 2.34777
48.8567 2.30709
48.8508 2.31437
48.8356 2.33032
48.8527 2.33317
48.8445 2.3524
48.844 2.32716
48.8419 2.32245
48.8494 2.35593
48.8537 2.34261
48.8473 2.32793
48.8435 2.32429
48.8504 2.34866
48.8475 2.34678
48.8587 2.31979
48.8525 2.33193
48.8602 2.30112
48.849 2.33884
48.8527 2.32938
48.8569 2.30005
48.8576 2.29494
48.8438 2.31732
48.8537 2.33651
48.8514 2.34586
48.8628 2.31165
48.8546 2.34252
48.8517 2.34872
48.8587 2.33199
48.8498 2.34791
48.8595 2.32642
48.8594 2.31956
48.8582 2.32833
48.8625 2.31898
48.8524 2.34164
48.8431 2.34265
48.8536 2.33892
48.8413 2.35388
48.8464 2.3517
48.8474 2.31204
48.8565 2.33462
48.8471 2.33097
48.8534 2.31169
48.8581 2.33099
48.837 2.32353
48.8406 2.33012
48.835 2.33184
48.8592 2.318
48.8387 2.33083
48.8423 2.35452
48.8417 2.3297
48.8529 2.34322
48.8394 2.32702
48.8442 2.3228
48.858 2.31488
48.8624 2.30827
48.8424 2.35359
48.8588 2.3035
48.8445 2.35357
48.8543 2.34317
48.8611 2.31149
48.8443 2.32882
48.8472 2.31203
48.8623 2.30153
48.8501 2.34311
48.8582 2.29796
48.8407 2.34875
48.8421 2.35153
48.8518 2.33847
48.8514 2.35042
48.8451 2.31112
48.8446 2.34723
48.8486 2.34287
48.8435 2.35148
48.8473 2.30977
48.8427 2.34438
48.853 2.33583
48.841 2.33275
48.8444 2.31769
48.8516 2.32703
48.8476 2.31159
48.8607 2.29548
48.8583 2.33327
48.8532 2.34459
48.8525 2.33663
48.8518 2.31452
48.8466 2.35163
48.8623 2.30631
48.8447 2.31995
48.8556 2.32687
48.8616 2.31933
48.8362 2.32777
48.8409 2.34714
48.8469 2.31686
48.8562 2.30475
48.8585 2.32313
48.8432 2.31358
48.8481 2.32378
48.8446 2.34924
48.8419 2.32993
48.8461 2.34297
48.8486 2.35009
48.8555 2.3085
48.8346 2.32784
48.8467 2.35437
48.8554 2.29949
48.8611 2.31324
48.8502 2.32414
48.8455 2.31915
48.8425 2.33745
48.8438 2.35229
48.8526 2.33315
48.8503 2.30555
48.8575 2.30536
48.8583 2.30202
48.8546 2.3365
48.8508 2.33577
48.8537 2.34415
48.8487 2.34803
48.8591 2.29337
48.8542 2.30612
48.8475 2.34083
48.8388 2.33966
48.8383 2.34206
48.8383 2.32594
48.8597 2.30782
48.8419 2.34576
48.8531 2.33573
48.8437 2.3537
48.8438 2.35495
48.8581 2.31001
48.852 2.33669
48.8436 2.32797
48.8471 2.33019
48.851 2.34495
48.8536 2.34916
48.8551 2.33679
48.8624 2.3028
48.8411 2.33741
48.8455 2.32846
48.8559 2.29733
48.8596 2.29282
48.8416 2.33258
48.8529 2.33505
48.8557 2.30763
48.8521 2.33696
48.8578 2.32242
48.8334 2.32857
48.8469 2.31656
48.8499 2.31665
48.8474 2.34366
48.835 2.32684
48.8464 2.31537
48.8468 2.34056
48.8448 2.36396
48.861 2.30108
48.843 2.32632
48.8522 2.31049
48.8392 2.32065
48.8497 2.308
48.8461 2.35532
48.8421 2.32265
48.8536 2.3342
48.8541 2.30855
48.8499 2.33843
48.8611 2.31028
48.8436 2.35489
48.8387 2.32887
48.8472 2.31121
48.8491 2.33485
48.8423 2.33484
48.8576 2.31751
48.8538 2.31359
48.8503 2.31237
48.8459 2.31829
48.8542 2.33114
48.8541 2.30667
48.8521 2.33868
48.8339 2.32725
48.8452 2.34987
48.8474 2.32812
48.8514 2.32694
48.8444 2.34927
48.8515 2.31398
48.8417 2.31886
48.8563 2.29987
48.8456 2.3546
48.8596 2.30078
48.8544 2.32588
48.8487 2.34291
48.8541 2.33217
48.8429 2.32365
48.8608 2.32531
48.8494 2.35501
48.8471 2.31196
48.8476 2.31131
48.8351 2.32904
48.8433 2.34654
48.8496 2.35176
48.8437 2.31519
48.8511 2.34618
48.8474 2.31819
48.8524 2.34823
48.8411 2.34115
48.8512 2.35023
48.8419 2.33222
48.8439 2.33924
48.8593 2.31142
48.8426 2.31452
48.8547 2.32582
48.8592 2.29764
48.842 2.33634
48.8426 2.3346
48.8505 2.33276
48.8589 2.31917
48.8525 2.33521
48.8599 2.30085
48.846 2.34122
48.8377 2.3303
48.8376 2.3229
48.8451 2.32033
48.8575 2.29906
48.8403 2.33617
48.8395 2.32343
48.8529 2.30854
48.8479 2.30758
48.8421 2.32944
48.8508 2.33075
48.8584 2.3329
48.8563 2.29845
48.8588 2.32875
48.8464 2.31026
48.8412 2.35074
48.8568 2.30148
48.8395 2.33668
48.8462 2.34909
48.8415 2.33113
48.8414 2.35472
48.8539 2.33698
48.8584 2.31342
48.847 2.30844
48.8516 2.31174
48.8491 2.34663
48.8433 2.32229
48.8517 2.34487
48.8479 2.32777
48.8513 2.35525
48.8471 2.33157
48.8554 2.29663
48.8422 2.35266
48.8542 2.33164
48.843 2.35272
48.862 2.30199
48.8415 2.33133
48.837 2.33145
48.8444 2.34806
48.854 2.34739
48.8507 2.31164
48.8473 2.34037
48.8589 2.3147
48.8571 2.2968
48.8338 2.32739
48.8557 2.30184
48.8543 2.34059
48.8517 2.34484
48.8525 2.34059
48.8495 2.31531
48.8517 2.33529
48.8535 2.30976
48.8387 2.34009
48.8506 2.3428
48.8536 2.34754
48.8474 2.34836
48.8495 2.35287
48.8468 2.32613
48.8473 2.32718
48.8539 2.31118
48.8474 2.34858
48.8507 2.33483
48.8405 2.32428
48.8455 2.34455
48.8457 2.32563
48.843 2.31681
48.8557 2.31688
48.8387 2.33665
48.8505 2.34863
48.851 2.30616
48.8381 2.32633
48.8564 2.30984
48.8479 2.31033
48.8504 2.3068
48.8527 2.33879
48.8586 2.29634
48.8553 2.30372
2587 10583 1 26 265
3778 7852 1 12 88
8130 4026 1 7 68
2528 2523 1 22 185
9072 1029 1 8 78
5476 1309 2 21 144
9252 5343 1 1 15
89 69 1 5 82
3355 7439 1 10 92
5072 5051 1 5 71
5971 9861 1 12 173
7181 3143 1 26 94
5106 8977 1 2 31
759 8815 1 4 52
7302 11210 1 12 65
3087 7112 2 1 24
4142 4110 2 28 291
976 5134 1 29 122
876 8890 1 12 101
2648 2600 1 10 130
103 83 2 17 190
3071 10973 2 7 89
5498 5538 2 15 79
6969 2956 2 11 15
10092 6215 1 10 131
3125 3109 1 6 78
8992 5057 1 5 76
2684 2728 1 32 201
998 946 1 4 59
2785 10752 2 1 10
993 947 1 35 193
5109 897 1 3 35
5647 1475 1 9 79
3128 7118 1 20 280
7961 7893 2 1 12
6321 10310 2 4 42
10043 9962 2 3 45
11098 3223 1 3 42
10393 2438 2 4 38
4655 8519 1 5 58
8825 8741 1 21 150
826 5023 1 18 98
9177 1068 1 3 33
3862 3821 1 1 17
10848 2789 1 5 70
7509 3483 1 5 63
10033 9926 1 7 77
3024 3128 1 2 32
10090 2171 1 68 94
3129 3026 1 9 81
8900 827 2 2 31
11286 3315 1 14 91
6889 10784 1 2 17
447 8544 2 4 23
11097 7102 1 20 95
8830 880 1 1 4
9240 1215 2 9 68
5842 9752 2 1 22
4667 4557 1 27 319
7883 7973 2 3 54
6221 6267 2 5 45
7883 3902 1 14 160
4557 4664 1 26 228
3950 103 2 1 12
6642 10529 1 17 167
10583 6563 1 7 32
8206 3992 1 9 105
8231 111 1 13 86
6221 6336 1 14 156
1656 9778 1 10 151
9546 1388 1 4 25
8392 477 2 19 161
8815 4800 1 3 48
9400 1492 2 16 123
1618 1752 1 16 113
58 4079 1 45 119
2560 6506 2 9 84
9544 5515 2 10 74
6617 2392 2 6 36
7938 3752 1 3 51
5374 1037 1 7 63
3527 7719 1 14 53
51 8178 1 6 39
5630 1385 1 9 87
9037 8920 1 4 65
4462 445 1 9 69
3393 11175 1 17 97
900 4976 1 14 111
9308 9160 2 1 23
7205 10923 1 4 37
332 8572 1 6 68
9562 1746 1 2 12
10769 2612 1 10 103
6179 5985 1 1 15
58 8147 2 9 133
986 8862 1 1 25
9336 5604 2 10 63
9000 8830 2 19 274
469 8330 1 22 117
2600 10793 1 13 177
7137 3013 1 31 136
6570 2535 1 7 103
6631 10472 2 17 115
10362 2560 1 11 114
8110 168 2 13 180
11059 10877 1 1 3
2611 2815 2 3 44
10410 2491 1 4 61
10721 6866 2 7 91
10105 2318 1 5 66
5476 9547 1 10 143
148 8074 1 5 35
8186 8118 2 17 113
3695 3866 1 18 161
2954 11074 1 2 20
7626 3495 1 4 50
9291 9061 1 5 79
9559 1779 1 1 8
8699 4768 1 10 67
8238 15 1 44 495
11057 2916 1 7 103
11119 7463 1 5 62
9874 1993 1 12 61
8442 414 2 1 24
2488 6566 1 19 262
3132 10869 1 47 175
9194 8934 1 33 181
10410 2686 2 2 20
1776 9507 1 5 81
2888 11100 2 1 19
2624 10362 1 3 41
9005 1198 1 20 121
5574 9715 2 7 67
10898 11132 2 8 95
10824 2560 2 21 167
2937 11132 1 2 35
6486 10657 2 1 14
6159 6421 1 1 2
8480 8699 1 3 49
6563 6804 2 27 295
10907 3191 1 8 98
6844 2475 2 3 26
8697 416 1 33 81
10758 2534 1 21 127
1403 9716 2 18 192
3992 8298 1 13 158
10752 2535 1 12 121
7439 3142 1 25 147
8478 712 2 22 194
1510 9752 2 2 19
11143 2888 2 7 10
9277 5176 1 15 165
7737 7961 2 1 13
676 427 1 20 120
3426 3724 1 5 72
1993 2226 1 31 218
897 5366 1 19 55
9061 826 1 9 133
6860 6602 1 58 269
9183 5010 1 44 61
9949 10251 2 1 21
5470 1555 1 1 25
5780 5476 2 37 126
10622 10431 1 2 25
7186 3318 1 67 272
5721 1388 2 14 177
9367 1650 1 1 12
5780 1309 1 15 172
6460 6803 2 33 193
2392 2728 2 1 12
7719 7910 1 9 133
6492 2742 1 13 169
7026 7323 1 13 41
3327 11097 1 9 128
4204 8097 2 4 55
7298 10869 1 3 54
3853 7737 2 5 57
8963 1241 1 2 25
6486 6804 1 10 105
3773 7547 2 2 26
8315 8048 1 8 120
1215 5060 1 7 82
8938 9277 1 17 132
6005 2077 1 11 101
383 8604 2 18 53
297 4800 1 3 28
3118 7342 1 15 173
18 8305 1 4 53
387 8798 1 12 141
2539 10822 1 2 21
9501 1722 2 2 38
901 1241 1 1 10
7040 3191 2 19 181
5167 1142 1 28 191
4094 4380 1 1 10
10655 10427 1 2 28
4730 326 1 18 259
10121 6016 1 40 275
647 258 1 1 21
7324 2887 2 6 66
7125 3374 1 6 36
5915 1403 1 48 113
15 8309 2 18 255
8964 9291 1 8 90
5884 5515 1 5 35
1288 5814 1 6 57
6123 6257 2 7 69
1836 2208 2 34 319
6371 5986 1 10 96
926 5211 1 11 21
9651 5649 1 20 221
1889 6374 2 10 141
6101 10117 1 3 32
5811 5476 2 10 96
5911 5501 1 2 35
759 8388 1 11 103
6623 2628 1 2 31
7717 3784 1 10 147
377 722 2 7 57
6629 6700 1 12 63
9429 5839 2 1 21
6421 1878 1 4 55
1658 1447 1 9 66
9142 5062 1 2 24
9858 10337 2 14 62
1355 1718 1 5 81
1388 5836 2 3 47
9346 1781 2 8 103
3223 10977 1 3 44
575 504 1 17 211
4602 8693 1 23 154
7329 3080 1 11 113
8938 9144 2 18 226
7910 3527 1 23 179
3389 2916 1 9 87
9547 5700 1 56 77
3294 7039 1 1 4
2032 10077 1 29 193
8314 178 2 1 4
2961 11244 2 4 25
6118 2106 1 6 61
7739 3695 1 10 142
5118 5261 1 5 79
4380 51 1 9 43
10278 1906 1 23 258
2742 6593 1 2 18
10770 2433 2 9 106
8890 5365 1 9 113
4563 8666 1 21 87
7181 3175 1 23 263
7202 11098 1 4 50
10076 6178 1 15 220
11100 7204 2 1 6
8697 4543 1 16 75
9397 5999 1 3 50
5026 8429 1 3 15
9449 6057 1 6 91
348 8900 1 6 80
9338 5942 2 10 69
8748 9250 1 6 87
1833 1264 2 26 137
1261 4922 2 4 53
5975 9359 1 4 56
2060 5647 1 1 15
3291 10752 1 1 23
5491 9874 1 1 9
5940 9332 1 2 22
10946 10447 1 4 59
1129 639 1 8 70
8453 8924 1 6 65
387 5072 1 13 84
5981 9367 1 1 24
9673 6277 1 8 65
8535 9005 1 5 26
8379 4958 2 1 11
5276 8646 1 1 17
5594 10038 1 7 75
2634 11143 2 1 7
7180 6652 1 4 13
11300 2875 2 10 79
665 1184 1 1 25
2875 11271 1 3 33
8830 330 2 22 96
11132 2719 1 24 292
5832 6416 1 2 28
591 5199 1 7 69
5759 6201 1 3 32
6237 5774 1 5 81
10254 5919 2 14 161
1965 1481 1 32 45
8388 793 1 1 12
998 4598 2 11 126
2226 1752 1 14 201
6377 1694 2 13 133
8780 5310 1 7 77
10331 9721 2 32 107
4664 8977 1 3 24
657 1045 1 19 50
10723 3374 1 9 47
8298 7797 1 12 171
3629 189 1 8 111
10784 7435 1 3 44
5365 8780 1 10 78
4858 9291 1 10 117
7818 4224 1 1 15
1717 6355 2 5 75
4096 7698 2 39 54
1346 1883 1 7 110
8058 3499 1 1 12
7105 10583 1 24 282
8988 486 1 5 46
4435 8920 1 15 140
10158 1601 2 1 12
5102 8544 1 138 192
8977 8523 1 4 43
3953 3486 1 2 14
10027 1401 1 7 62
6602 3131 2 5 27
4958 8442 2 6 74
3228 10629 1 16 127
5683 6284 1 3 31
8498 951 2 8 123
7603 8015 1 1 8
11244 10822 2 10 80
4697 9177 2 1 15
330 9000 2 11 68
10005 1342 1 12 37
722 1081 2 26 196
6944 3265 1 30 235
7413 2705 1 10 66
10472 3139 2 1 11
23 3567 2 1 17
234 3512 1 1 4
6866 3177 2 6 90
1221 8640 1 1 10
7524 4089 1 3 42
9013 4492 1 9 73
335 5141 1 4 68
7497 8153 1 4 53
2654 7378 1 15 194
8388 9013 1 7 88
8604 1137 1 43 281
2923 6584 1 25 116
5933 5574 2 8 114
11023 10350 1 4 17
7327 6889 1 4 60
315 8955 1 29 197
3568 55 1 70 385
3296 10655 2 1 13
1415 9858 1 5 72
5010 8572 1 29 167
7481 8186 2 4 66
10628 3296 1 25 350
9892 5630 1 20 115
2083 9721 1 2 17
5134 377 2 3 27
8309 7921 2 2 21
1295 2044 1 8 106
6336 5775 1 8 109
2434 7105 1 10 138
7324 6877 1 27 151
2690 7336 1 20 112
6659 6984 2 6 48
9713 10171 1 18 124
2318 5689 2 10 67
2171 9707 1 2 23
7547 4151 1 18 254
9926 9407 2 1 12
9505 5936 2 11 72
6492 11077 2 4 39
6753 3368 1 14 68
1120 4817 1 6 85
1112 672 1 9 92
3561 4033 1 5 38
5015 440 1 22 309
4291 3827 1 17 203
9162 4854 1 14 158
2924 10550 1 6 76
2612 3398 1 4 36
2819 7260 2 2 19
10023 5449 2 3 48
8015 3651 1 2 19
7133 6508 1 5 59
9673 6303 1 33 46
7275 6877 2 12 167
3129 10373 2 1 9
8024 3638 1 28 214
9707 6274 1 7 70
6281 5517 1 3 44
5057 665 1 5 71
5718 5977 1 6 77
6237 5470 1 7 84
5649 6402 1 46 81
5206 268 1 56 79
8958 676 1 2 21
2705 7034 1 25 163
756 9035 1 6 88
6866 11021 2 88 163
10700 3013 2 10 114
5116 4831 1 58 205
1779 10063 1 2 27
2558 11341 1 7 91
8780 9035 1 27 228
5206 4462 1 32 92
8326 5219 1 22 116
9743 6159 1 1 1
11242 2491 1 31 231
8969 672 1 5 76
3187 6460 1 6 44
2700 10946 1 5 65
3338 10484 2 3 51
6659 11321 2 6 47
6116 5911 1 7 97
9000 764 2 1 6
672 5103 1 2 22
5774 1910 1 39 213
383 1081 2 19 257
6666 7436 1 31 251
6559 3230 1 19 194
1401 10273 1 24 230
2757 7133 1 10 73
2078 9397 2 5 34
9788 9982 1 4 57
8812 935 2 2 31
10743 3115 2 18 164
920 8807 1 23 169
8110 3687 1 9 64
10431 3162 1 12 119
8811 5116 1 21 167
7224 10410 1 13 185
6234 1362 1 21 280
7979 8196 2 3 39
7076 2640 2 2 22
6652 7345 1 1 12
691 9043 1 4 58
8052 7852 1 22 112
10561 7336 2 6 52
9059 4503 2 16 199
1112 315 1 15 167
8927 4699 2 2 34
1510 6299 2 7 67
2982 10655 1 3 46
9422 2083 1 14 195
3169 10472 2 216 300
2525 3372 1 16 22
8153 3920 1 8 118
11120 6566 1 20 60
2191 5449 2 1 20
1937 5683 1 8 121
1388 10090 1 104 145
7973 4068 1 4 43
7657 4379 1 16 197
9383 6255 1 5 69
2587 7342 1 5 74
4678 881 1 4 64
4462 9143 1 15 142
2728 10866 1 5 60
4676 1131 1 1 16
5721 5985 1 9 16
2004 1607 2 5 71
168 3690 2 5 16
1792 6020 1 12 118
4649 9179 1 25 149
6339 1295 1 6 46
9973 1571 1 7 100
3920 4028 1 2 19
1241 8422 1 19 76
2142 5594 1 15 216
34 3812 1 16 152
9739 5999 1 5 82
7811 216 1 2 16
2736 11074 1 21 193
2312 9435 2 4 53
5440 10237 1 65 90
9245 296 2 4 41
7039 10824 2 35 210
2640 3087 2 1 8
10966 10827 1 2 22
3379 6570 1 1 24
58 3839 1 9 95
6498 11242 1 1 15
1264 6321 2 2 40
2049 1658 1 8 92
608 9005 2 12 110
9815 1728 2 6 56
5832 1841 2 2 30
407 9110 1 6 69
5023 4871 1 4 36
8659 9043 1 28 89
10758 2887 1 4 35
499 9142 1 4 58
4379 7602 1 4 32
6454 11283 2 2 28
6281 9510 1 2 37
445 5206 1 39 123
8793 5034 2 1 11
4243 7744 2 22 147
6257 5648 1 11 110
876 8780 1 12 143
6969 10770 2 4 46
7730 4266 1 4 63
3125 10683 1 6 88
7717 4212 1 6 82
6179 5721 1 1 21
4323 7590 2 13 62
8666 8964 1 6 55
2178 1447 1 2 28
1482 10077 1 13 166
1552 10016 2 16 23
8097 3819 2 23 243
5068 8656 1 1 12
1355 10266 1 82 114
9692 1889 2 3 49
7617 4266 2 4 58
1081 8478 2 4 39
4107 7845 1 22 31
4892 4935 1 57 212
1244 305 2 1 17
11119 6642 1 34 327
4511 9256 1 3 34
7105 2690 1 10 96
23 7939 1 2 41
6239 9522 1 10 94
2809 2982 1 2 6
2657 11059 1 20 82
6387 9383 1 4 37
4033 3819 2 5 32
6570 3291 1 7 78
1886 1727 2 1 1
3868 3955 1 11 142
4070 3778 1 23 101
8050 3859 1 3 44
6844 10947 1 9 59
9896 5811 1 13 155
3868 62 2 1 20
5160 8595 1 5 58
6898 7010 2 21 217
3078 6780 2 59 300
8195 5116 2 11 62
4117 947 1 22 152
6020 10946 1 1 17
3507 8427 1 10 140
4245 9144 1 32 336
9752 2819 2 1 20
1596 2657 1 14 109
10262 3338 2 2 39
6459 5440 1 14 102
8798 7988 1 5 40
3860 4886 1 7 58
6933 9791 1 89 166
7025 5971 1 9 127
4028 8924 1 8 51
10278 11243 1 32 218
8451 3507 1 10 141
7211 2097 2 8 111
8707 7883 2 4 38
8476 7631 1 6 76
6565 5501 1 11 78
9107 4195 1 26 75
4380 1258 1 14 147
4955 8050 1 11 113
10016 7205 1 4 55
9385 10443 2 1 8
4257 1112 1 31 77
7305 6253 2 2 33
10348 9367 1 10 35
5919 6898 2 12 162
6050 3071 2 1 12
2483 1447 1 5 56
2710 1656 1 2 23
7762 584 1 10 118
1834 10907 1 13 152
1833 2954 1 13 124
6996 1847 1 6 74
6770 9673 1 7 89
6299 11271 2 6 48
6271 3255 1 1 27
7040 1834 2 24 105
10447 5470 1 19 61
2110 7302 1 6 82
2612 1606 1 50 70
6339 3379 1 8 80
2789 9788 1 3 42
11060 6052 1 6 47
2483 9522 1 9 114
3619 8478 1 17 244
5141 8147 1 33 78
1482 6617 2 19 197
10373 9429 2 14 20
7781 591 1 15 82
1841 7076 2 4 45
11193 2077 1 3 22
6753 1618 2 48 420
7199 6048 1 133 499
2819 5842 2 1 14
10762 1783 1 5 60
3902 647 1 24 134
926 8051 1 4 69
9227 4213 2 1 13
5440 2486 1 20 90
8064 8992 1 9 96
764 3789 1 11 125
5449 6592 2 10 145
4780 7977 2 3 46
504 3527 1 14 50
10827 9651 1 13 140
5062 3932 1 6 80
9379 6623 1 1 12
6506 9505 2 3 55
7336 2085 2 8 49
1937 3124 1 6 74
1455 2377 1 10 87
3087 5971 1 26 161
3338 2113 1 3 48
9977 2924 1 4 67
6288 11341 1 9 82
4005 5125 1 4 60
8326 3561 1 12 114
2654 5824 1 13 159
7102 5973 1 5 56
430 7481 1 16 149
4213 9252 1 11 100
2113 7335 1 2 29
10151 3377 2 3 45
1541 10758 1 6 62
9882 11094 2 17 224
10443 5604 1 18 163
3426 4586 1 8 112
8659 7979 1 76 125
9874 11094 2 21 49
10411 5648 2 6 64
1888 7199 1 13 142
249 5003 1 6 71
2817 5778 2 11 144
7737 326 2 1 10
7260 6299 2 8 76
1370 2558 1 6 75
9245 8309 1 65 480
8791 3696 1 15 91
9256 8315 1 2 19
8924 8172 1 5 57
553 7953 1 5 48
9369 10562 1 14 31
5975 7206 1 6 44
1492 2350 1 7 45
6877 1646 1 51 308
3773 714 1 8 120
9435 10496 1 2 32
10273 3228 2 3 54
476 7531 2 4 30
920 8087 1 24 192
6920 1538 1 3 47
7432 10121 1 9 115
2491 1358 1 3 52
3007 9949 1 41 253
7698 8379 2 11 153
11010 1906 1 13 170
4117 829 1 7 63
8887 8186 1 14 94
11119 6394 1 12 172
2407 1455 2 13 65
1325 10529 1 15 97
4649 7509 1 7 99
5517 10700 2 1 13
2359 1555 1 10 96
3124 6404 1 9 65
1401 10723 1 45 367
148 5309 2 1 8
8777 7717 1 25 112
2116 7028 1 3 26
486 7938 1 5 74
3368 6118 1 17 141
2686 1346 1 30 255
2488 9720 2 14 198
8119 1074 2 2 21
5276 8081 1 4 34
9449 10762 1 4 42
9546 6898 2 7 80
8890 8298 1 50 156
7567 4767 1 4 67
4026 9162 1 25 222
4456 3687 2 5 70
9185 8079 2 20 140
3668 8382 1 10 143
3315 9955 1 7 89
11010 6317 1 7 43
10038 7421 2 5 65
2775 5576 1 1 4
10402 1538 1 18 187
1129 72 2 4 44
2475 9739 2 9 62
10310 10992 2 17 96
565 3514 1 1 7
2523 9798 1 1 18
1308 2736 2 1 19
7895 4655 1 6 95
6416 3087 1 1 11
8326 3743 1 11 117
7028 10186 1 2 18
4142 9241 2 22 214
8118 5225 2 14 108
9170 8052 1 11 130
2696 9332 1 3 23
516 7895 1 14 65
6016 7211 1 37 232
6663 5839 2 1 24
10529 5879 1 5 74
10976 6387 1 11 58
5386 158 1 1 12
3318 10056 1 61 206
1883 7298 1 3 21
3897 8475 1 4 49
6508 1571 1 12 170
7313 1833 1 2 24
1045 3992 1 38 215
2433 5718 1 4 56
5366 216 2 1 15
2039 7389 1 10 64
4110 9241 2 7 77
5404 145 1 28 280
7112 6416 1 3 27
6700 5526 2 1 3
1650 6459 1 1 25
3486 575 1 4 16
10721 9338 1 13 145
6052 3389 1 4 60
1045 87 1 11 62
4359 5110 1 59 328
712 3619 2 6 36
7035 6234 1 38 338
316 3846 2 2 32
9256 62 1 14 169
5034 4396 1 19 188
6416 7076 1 3 14
2684 1482 1 7 87
6215 3064 1 5 44
7748 657 1 27 253
5219 193 2 3 21
7428 6000 2 4 26
2384 1718 1 20 133
7136 2116 1 16 202
7034 6381 1 2 31
326 7961 1 1 18
3668 407 2 30 171
10365 1694 1 9 78
10676 9546 2 38 387
3179 6050 2 9 93
1423 10651 1 8 57
4089 9072 1 4 59
7797 407 1 8 110
3743 499 1 5 48
11057 2168 1 21 149
10350 9707 1 11 104
10855 9400 2 26 152
9422 2844 1 7 75
4068 5226 1 5 35
7603 8793 2 4 57
10793 1370 1 14 128
1447 10622 1 10 143
7378 5955 1 2 31
9510 10700 1 5 60
8172 9072 1 53 83
10016 7305 2 2 32
7204 6250 1 1 26
11005 10105 1 6 61
5955 7435 1 16 101
83 1142 2 7 79
10553 9559 2 11 156
9562 6652 1 12 115
6288 11033 1 15 166
2558 9562 1 20 197
9250 8123 1 16 108
326 7893 2 6 46
378 3839 1 2 21
3333 9896 1 5 50
589 3568 1 23 295
3443 8825 1 9 128
5125 4212 2 2 32
416 3792 2 17 95
84 5352 1 45 130
9405 6879 1 15 208
7979 8326 1 6 85
8134 1149 2 45 103
5491 2791 2 19 157
8427 3807 1 11 161
11329 5942 2 10 144
9715 10411 2 11 114
11074 10076 1 19 156
4886 3443 2 16 148
4817 3507 1 52 447
1658 2483 1 7 85
11033 6257 1 22 127
3223 9981 1 30 162
7910 4493 1 18 113
3992 5365 1 29 167
2377 1776 1 6 93
5878 7436 1 81 112
11210 9673 1 13 190
6584 6048 1 26 142
7778 5206 2 4 40
1184 3851 1 26 95
10578 10027 1 4 48
10827 6402 1 8 121
10835 6393 2 15 125
4958 3426 1 32 219
8862 7521 2 2 28
608 8286 1 22 146
8186 430 1 13 152
2209 6843 1 18 43
5087 7621 1 11 127
4151 4667 1 11 141
3105 9507 1 37 97
9798 7428 1 8 120
11021 1404 2 5 74
6908 10337 1 8 75
5999 2438 1 16 222
7988 5396 1 13 89
9442 3078 2 33 214
3495 5023 1 10 141
2004 2587 1 13 120
3807 5374 1 5 50
10310 6920 1 3 22
5981 10348 1 1 26
2654 2078 1 26 201
7567 8926 1 17 136
2097 10628 2 4 23
305 23 1 4 30
6804 10105 2 6 68
9887 6454 2 2 34
3972 4543 1 9 67
11283 5919 2 24 193
10077 6770 1 27 70
10233 6908 1 12 138
6905 10237 1 3 32
6645 9937 1 4 55
10899 5523 1 9 77
5800 11286 1 11 165
3468 8927 2 7 53
1718 3393 1 5 46
3406 5827 1 9 129
5963 6563 2 5 72
8307 565 1 21 97
1606 3169 1 24 343
6277 10657 1 17 167
9703 11286 1 13 179
6933 10266 2 31 122
3866 9218 1 20 220
10337 6860 2 3 30
6355 6852 1 5 33
7521 8934 1 4 56
178 4622 1 3 44
6770 2110 2 11 120
4151 4557 1 28 265
7499 5034 1 1 3
9332 10953 1 6 62
3690 5289 1 42 147
9510 7137 2 11 67
7977 1137 2 2 19
7378 1781 1 6 65
10058 6586 1 7 97
8329 4028 1 1 5
1251 3799 1 10 115
3788 1014 1 9 109
8455 8017 1 7 81
11077 1423 1 6 29
4456 8110 2 7 60
6020 2359 1 7 54
7641 9020 2 2 22
8315 8574 1 1 22
4831 4379 1 85 118
6299 2875 1 5 45
6018 6666 1 11 85
10411 6123 2 4 65
9562 7345 1 8 122
7845 9302 1 10 84
10793 6257 1 11 80
1362 3128 1 4 32
42 434 1 4 48
7621 4955 1 6 84
5689 7389 2 10 60
430 58 1 17 206
10005 6508 2 2 21
10004 2434 2 14 81
3851 9099 1 1 16
3768 9308 1 3 28
8327 4070 2 13 100
3514 9041 1 13 104
3457 920 1 22 249
10634 10273 2 13 38
8439 4117 1 4 52
2700 10336 1 1 15
992 7574 1 32 117
9464 7026 1 9 87
1819 7285 1 5 44
11175 9791 1 15 104
7958 9194 1 3 38
5919 3234 2 10 77
3972 416 2 5 74
2900 1455 1 8 115
3230 5915 1 24 192
5916 3233 1 9 57
4031 476 1 6 65
7811 1244 1 17 92
1346 3132 1 1 6
1564 7378 2 22 139
8988 7497 1 1 15
5932 2534 1 6 72
8147 335 2 10 88
4600 8135 1 1 11
9233 3773 1 1 19
1370 11033 1 5 82
5226 3902 1 5 73
10614 6371 1 4 15
1342 7133 1 6 30
4195 764 1 10 68
5985 10501 1 2 30
9982 6525 1 2 25
8541 8064 1 4 63
10496 6044 1 1 27
499 3932 1 6 81
9072 3920 1 5 74
8123 387 1 12 43
6486 2039 1 8 78
3265 9703 1 4 64
5309 3773 2 6 9
8549 8024 2 1 17
27 499 1 45 192
4224 4895 1 9 130
216 305 1 4 62
5879 11119 1 5 49
7634 8923 2 14 201
9716 3230 2 20 122
8169 4831 1 16 131
10466 10186 1 19 144
8081 8646 1 2 32
6402 10578 1 1 23
2848 10033 1 51 71
9882 6803 1 1 10
1618 2961 2 12 141
4179 8329 1 1 7
2789 9982 1 21 62
10105 6486 2 8 112
7290 5491 2 2 18
11298 1492 1 10 69
3821 901 1 2 32
4780 131 2 1 18
3953 575 2 2 31
6879 1967 1 2 24
4195 4461 1 34 308
6336 6584 1 14 101
11300 1510 2 91 126
9089 7509 1 150 209
1029 7524 1 6 48
11175 1355 1 7 62
10171 10422 1 7 94
6899 2049 1 15 114
2775 9962 2 2 28
827 3668 2 1 13
3457 1120 1 9 132
3456 9183 1 3 38
3507 1037 1 14 199
3819 949 1 11 151
2923 5775 1 11 112
3927 935 1 5 53
900 3860 1 10 86
7463 5581 1 8 62
3862 901 1 4 26
947 3799 1 62 197
5836 3142 2 5 71
3448 1129 1 5 40
3695 844 1 15 128
7199 9720 1 15 175
3578 1261 1 10 96
6267 2346 1 45 208
1081 7515 2 15 122
1746 7180 1 17 119
10251 6645 1 6 76
11142 5498 2 2 28
5478 7292 1 3 45
5125 7895 1 4 44
8963 3862 1 1 10
3315 5594 1 25 244
6394 10478 1 22 65
11341 1415 1 26 228
8184 8791 2 10 92
580 89 1 5 81
8453 4179 1 10 81
8343 4272 1 13 42
1403 3406 1 15 48
7973 5082 1 2 25
7938 8988 1 5 60
42 608 2 6 65
5781 6969 2 1 19
3327 5604 1 5 46
8573 4033 2 3 43
1752 2961 1 12 145
10266 2384 2 6 85
5118 7808 2 1 5
2657 9977 1 7 55
6631 2130 1 1 11
197 590 1 21 93
4266 4630 1 5 74
2994 1806 2 24 315
2078 2475 1 6 90
3175 1408 1 11 73
8535 8286 1 66 93
5594 7287 1 1 16
6068 2600 1 24 138
653 4142 2 20 162
1241 3523 1 1 19
8068 4895 1 5 77
1603 7118 1 18 260
7547 9233 1 20 36
2113 10484 1 1 20
7202 5759 1 7 64
3752 993 1 9 107
5955 10784 2 9 99
2796 5939 1 19 148
1694 10898 2 2 27
5526 7405 2 4 42
6780 10023 2 54 656
1728 2888 1 11 129
6175 2710 2 1 17
3234 9546 1 25 163
10765 5933 1 9 64
3651 1084 1 10 64
7102 1596 1 2 38
4892 103 2 2 16
4397 348 2 30 45
8196 8573 2 3 44
5942 6866 2 7 106
2648 6068 2 1 13
9040 7798 1 12 69
8048 759 1 12 171
8169 4767 1 14 192
9949 2711 2 25 107
3950 4892 1 1 11
897 7811 1 1 24
1437 7305 1 15 56
7747 5221 1 6 93
10027 10634 1 17 249
3955 759 1 1 14
8216 8591 1 16 90
10651 10033 1 4 53
6666 10124 2 6 18
4678 8216 1 8 78
8015 8793 2 3 49
8052 8803 2 21 169
6050 10676 2 11 94
6274 6586 1 7 82
9332 7432 1 16 46
6905 5981 1 33 198
4854 8101 2 1 10
9405 3333 2 11 164
7517 1251 1 5 73
3625 9124 2 1 15
6592 2191 2 18 169
8257 4598 1 2 39
988 7752 1 15 99
8631 8182 1 13 148
10262 2433 1 3 53
3370 9369 1 4 52
2178 2483 1 2 37
3318 1348 1 26 273
10216 6571 1 4 53
7329 5556 2 9 58
299 4380 1 35 204
10501 6274 1 40 104
10657 2004 2 15 204
5387 3456 2 6 86
8574 4171 1 31 207
5517 7583 1 3 25
835 2956 2 15 122
4171 6175 1 1 19
1888 83 1 12 124
9369 7524 1 9 104
5647 7748 1 2 40
7893 5811 2 21 173
6178 8238 1 15 153
7976 5916 1 21 202
860 7040 2 1 21
9973 4096 2 18 132
9442 3568 1 1 22
4492 10427 2 1 13
5694 7797 1 8 67
712 6860 1 4 33
10992 900 1 94 211
3475 5517 2 5 58
584 6725 2 13 176
10431 8451 1 21 159
205 10038 2 4 52
6593 4602 1 10 80
3108 9040 1 19 116
2791 8707 2 6 86
11078 5128 2 11 74
7965 5911 1 8 95
5878 7985 1 3 49
3131 5128 2 60 84
5700 3696 1 6 62
3486 1387 1 7 87
9720 3827 2 7 105
7747 1475 1 1 6
1037 3162 1 7 68
7345 9256 1 100 218
3768 5743 1 3 49
590 2742 1 5 63
1839 8058 1 8 103
10735 712 1 16 228
1834 8052 2 13 73
4272 6271 1 3 23
6057 8206 1 14 83
7204 5118 2 6 45
4678 6770 2 4 59
1874 8130 2 30 273
8153 2023 1 6 46
2434 8345 1 4 40
8708 2817 2 36 419
4435 10411 2 12 92
2452 297 1 7 9
10629 647 1 26 91
8017 5986 2 12 137
352 6453 1 16 62
1014 3234 1 20 160
7194 8963 1 1 26
6877 756 1 2 24
8087 1847 1 30 137
8777 10732 1 11 141
10992 5134 2 15 124
1906 15 2 21 203
9242 7411 1 1 27
8310 10092 1 102 142
8656 10651 1 6 64
7852 1541 1 9 114
8122 1836 1 2 31
8343 6565 1 19 125
1481 7657 1 3 33
2690 4730 1 20 231
1779 3846 1 6 50
262 6559 1 15 131
976 10992 1 1 13
1862 8110 1 3 36
1056 7275 2 4 62
8068 5981 1 6 60
3490 5478 1 9 115
1258 7335 1 13 28
1740 3868 1 3 21
9336 7603 1 12 171
8780 2700 1 6 69
9013 2982 2 2 16
10058 4025 1 18 82
279 2486 1 3 52
8969 2937 2 36 51
8047 6087 1 8 119
10683 8777 1 12 109
10898 8969 1 19 63
7719 1370 1 7 36
4988 3080 1 41 168
4768 6944 2 36 50
5977 8178 1 1 16
2696 8773 1 3 25
5824 7762 1 16 102
1404 7531 2 5 75
6255 4394 1 11 127
10869 5106 1 21 221
7617 9359 1 6 59
1101 3393 1 13 104
6126 8118 1 31 339
2916 5062 1 8 116
10550 8453 1 69 126
6652 4511 1 48 172
9218 3179 2 1 7
10427 8549 1 4 65
9464 3448 1 10 123
4256 10331 2 6 50
4005 6149 1 8 87
1481 7602 1 28 200
1198 7324 2 7 87
7991 5718 1 10 71
5056 7035 1 5 74
3346 9058 1 11 98
7111 860 2 8 87
6908 8595 1 10 141
683 10683 1 493 684
2924 988 1 7 101
1011 11298 1 13 183
9962 8119 2 1 22
6048 8087 1 14 154
11321 5219 2 1 22
7939 9562 1 1 15
5110 2994 2 13 191
189 6018 1 6 65
1131 7293 2 6 93
8048 6175 2 20 181
3638 9338 1 10 82
3757 5843 2 13 163
703 2686 1 11 115
129 9949 2 1 22
8081 9984 2 8 60
3080 8887 1 9 127
3071 844 1 61 487
8934 10973 1 21 200
3162 4955 1 2 24
3036 9218 2 9 56
3567 5814 1 17 184
1841 4204 2 9 66
9788 7748 1 6 47
9183 7079 1 8 61
5211 10898 1 45 247
8988 11270 1 2 6
2523 4858 1 1 19
10953 5276 1 11 37
5291 10966 1 8 57
5630 7986 1 20 207
7590 5780 2 9 39
947 3370 1 6 50
2710 4492 2 7 29
5843 7659 2 1 16
7481 9578 1 6 78
9737 3578 1 9 97
6271 8068 1 6 91
2434 8633 2 6 94
10877 9058 1 8 115
1362 3788 1 2 10
5387 3109 2 3 53
168 10280 1 29 246
9058 2924 1 7 71
3567 1746 1 11 59
3789 1348 1 5 74
158 10278 1 35 68
10638 8327 2 2 27
3696 1309 1 15 108
6274 4025 1 13 99
5884 3625 1 10 93
5219 6984 1 5 57
738 6663 1 5 74
4023 10149 2 15 158
1727 7634 2 9 72
9131 3008 1 9 130
7531 1552 2 11 69
3374 5082 1 6 43
8491 2844 2 26 280
7336 5127 1 3 24
79 10090 1 7 53
2600 4493 1 111 155
5049 3187 1 5 36
1120 6996 1 13 94
9256 7181 1 6 87
10496 723 1 2 17
10769 4649 1 16 109
3917 5574 2 11 80
9170 10907 1 4 67
2501 722 2 4 48
8135 2097 1 5 70
10765 476 2 2 31
4110 10254 2 35 291
6877 8535 1 21 202
87 6237 1 6 66
3932 2168 1 12 72
7616 1552 2 7 76
158 6425 1 5 74
8476 2848 1 6 55
8977 7436 1 2 29
8429 10614 1 2 33
10645 330 2 1 3
1535 3523 1 3 33
2711 306 1 24 164
7781 9400 2 6 53
1967 4394 1 5 70
5743 3443 1 15 117
7921 9501 2 15 210
8058 6255 1 5 82
10723 258 1 9 88
10850 8455 1 5 80
6267 8222 2 3 54
4922 6563 2 12 106
2757 4420 1 4 56
10857 377 1 11 139
11100 5057 1 17 165
7988 1385 1 10 138
10063 8310 1 1 8
11060 9131 1 8 116
6393 129 2 23 243
1722 3468 1 5 47
2809 308 1 1 13
7583 5916 1 35 372
8748 2377 1 5 70
9133 3118 2 4 61
8815 2452 2 1 16
5226 7125 1 2 32
4602 10638 2 6 87
7107 9061 1 3 54
5116 3175 1 74 253
3026 5211 1 8 79
683 6498 1 29 404
5276 3105 1 47 388
2407 8811 1 107 148
10866 1184 2 10 95
7079 5387 1 43 127
9035 7275 1 22 147
5366 6957 1 4 54
9005 7324 2 17 131
414 10634 2 19 253
2106 234 1 1 22
723 2350 2 1 6
7194 1066 1 8 123
7432 793 1 11 98
935 11210 1 5 70
8549 2648 1 3 35
3812 5491 1 6 53
10947 9252 1 20 145
416 2684 1 2 28
129 10251 1 2 18
9501 3690 1 8 74
3115 1011 2 3 15
10077 8216 1 11 56
7463 829 1 8 109
3013 9242 2 20 177
268 6889 1 6 51
1149 10923 2 6 91
296 10850 2 14 136
11193 5056 1 1 7
4461 6899 1 27 132
826 7413 1 13 156
5206 7206 2 6 94
739 10393 1 1 16
1215 7026 1 7 104
5343 10927 1 8 107
8074 6339 1 1 10
5128 11142 2 7 97
9721 3475 2 9 66
1650 3561 1 8 111
4730 10561 1 23 111
10466 676 1 14 205
6234 4110 2 4 31
8803 10365 2 19 166
5824 7574 1 10 83
10645 9107 1 7 69
4341 9737 2 9 120
6559 5026 1 13 32
4563 7107 1 13 124
10280 7921 2 13 126
9481 8196 1 8 41
6984 8343 1 12 122
3860 10310 1 15 163
6028 7616 2 8 69
7938 6374 2 1 9
10561 5127 1 5 36
10824 1191 1 11 129
4894 3346 1 11 100
6284 3792 1 3 54
5971 7499 1 10 143
8238 9501 1 1 20
5082 2539 1 3 15
10478 8963 1 12 102
305 6957 1 1 17
3186 4678 2 1 13
2312 3860 1 14 154
7602 9892 1 1 20
11244 8707 1 42 135
332 7079 2 43 213
2350 835 2 21 29
5051 6624 1 7 66
5060 2523 1 3 40
4817 3318 1 22 213
11142 4697 1 9 82
5576 8231 1 1 5
4561 11060 1 2 16
5211 2719 1 7 92
4164 9481 1 1 4
9385 8015 1 11 64
10501 986 2 5 81
10524 992 1 9 60
4598 7180 1 7 40
7118 4667 1 2 17
3410 6005 1 2 37
4079 9544 2 5 73
8699 7421 1 2 13
8519 3125 1 1 22
1423 197 1 40 77
5343 6955 1 2 14
306 3007 1 15 135
4291 9593 1 12 106
1014 10676 2 11 142
6955 9227 1 11 97
5167 2488 1 4 54
3950 9429 2 2 18
5049 6460 2 6 57
4628 7136 1 35 169
2384 860 2 13 151
3008 8343 2 3 19
9559 8310 2 2 32
3490 9861 2 1 10
10638 1101 2 2 30
10835 9227 2 14 99
8503 11059 2 19 79
6663 5087 1 2 31
9307 2757 1 1 23
10927 4462 1 8 120
8955 6666 1 18 125
3629 9971 1 4 57
2085 3812 1 24 169
7180 4511 1 57 183
829 10529 1 6 96
10762 9089 1 9 106
9105 10769 1 28 270
5963 3578 1 91 126
9110 10769 1 6 78
3333 584 2 14 58
296 11010 1 9 77
6425 3789 2 5 79
11210 8812 1 13 71
5261 10824 1 3 53
9379 4094 1 6 74
565 11242 1 2 22
5289 10857 1 10 87
3064 299 1 14 37
440 2923 1 14 93
683 7224 1 17 119
8509 7010 2 12 147
6957 8480 1 13 185
8825 7313 1 10 147
7039 8541 1 3 33
8427 7199 1 9 118
7026 8503 1 11 84
8631 7412 1 12 107
8451 7186 1 10 146
10683 5387 2 1 5
8327 7111 2 7 84
5015 10553 2 21 105
5003 10546 1 4 61
10743 5199 2 7 89
8604 11271 2 7 97
9143 10835 1 11 93
4930 7298 1 1 7
5103 10365 1 5 76
8254 9405 1 2 25
4800 7432 1 7 64
9773 8257 1 9 31
62 1408 1 14 123
7435 4789 1 3 28
5176 10422 2 4 60
258 7125 2 9 95
8570 2979 1 1 17
639 3346 1 6 75
7342 4730 1 5 70
8330 7114 1 8 61
6586 8862 1 26 122
538 3315 2 17 166
7323 4894 1 8 38
9981 7517 1 18 162
1910 7747 1 5 43
8305 5878 1 40 55
3687 10280 2 16 26
7389 8591 1 7 94
3859 2178 1 16 124
3142 332 2 6 90
2392 5057 2 11 105
6253 3917 2 5 69
4557 7028 1 27 244
6277 3871 1 9 84
1408 3955 1 1 18
6087 3426 1 9 73
10365 8969 2 3 22
6255 3927 1 20 120
6955 9143 1 23 93
7133 4420 1 12 72
6018 3629 1 5 61
2887 447 2 9 132
4976 10496 1 3 22
3827 6221 2 41 342
7421 4768 2 3 54
8286 1792 1 4 47
268 3077 1 7 71
10645 9210 1 9 136
4886 7313 1 10 128
8666 7428 1 10 103
8422 7114 1 183 254
1359 4079 2 2 30
6725 1221 2 3 46
5106 10466 1 6 78
9179 2796 1 10 80
3162 738 1 65 117
1068 10857 1 17 185
4557 7035 2 1 23
7028 4664 1 15 215
1081 10735 1 3 16
2483 8900 2 8 81
8128 1437 1 6 36
7521 6179 1 8 81
8101 9449 1 40 231
6118 7521 1 45 154
377 10992 1 23 162
949 6492 1 4 43
10393 5142 1 9 69
3131 277 1 1 13
3008 4561 1 2 26
8604 11300 2 15 93
4245 9713 2 8 62
8147 1359 2 1 6
4031 1404 2 11 153
5199 10855 2 5 54
5604 3972 2 6 67
6508 5103 1 52 135
844 2539 1 17 204
2044 3426 1 7 60
3859 6239 1 4 46
3619 9858 2 5 48
5558 4023 1 14 141
8887 6631 1 11 126
10216 7631 1 2 29
9043 10848 1 8 56
2142 7567 1 6 80
3443 6215 2 20 203
11283 8509 2 4 36
4871 11057 1 1 17
6381 7704 1 7 80
10124 7547 1 117 370
499 11321 2 10 120
3871 2004 1 6 71
4800 10953 1 1 6
10336 7727 1 7 94
3191 8379 2 25 233
2979 589 1 1 19
3132 4930 1 15 100
1137 2501 2 2 29
11005 4808 2 4 38
261 11120 1 16 223
8707 7105 1 31 265
8901 6780 2 13 162
10857 976 1 5 81
7436 8523 1 7 50
5759 72 1 8 68
3902 10004 2 1 24
3475 6281 1 15 35
7137 683 1 9 105
8455 3230 2 11 127
2116 3410 1 10 106
3177 4435 2 2 31
4699 2954 2 20 141
8572 3355 1 5 76
9522 4397 1 5 61
1555 42 1 1 23
6453 9099 1 19 135
10546 5407 1 3 16
7797 5939 1 7 78
4622 3394 2 9 82
6344 7739 1 10 143
6944 5109 2 6 93
8708 3105 2 1 19
880 10645 1 11 90
8733 7186 1 9 112
6571 5221 1 7 78
10472 5225 1 15 130
1601 131 1 12 174
3986 9559 1 1 9
3846 10063 1 4 38
739 10976 1 16 132
8051 1646 2 53 73
3233 261 1 1 6
3228 258 2 11 145
3625 2208 1 21 114
11329 4600 1 7 69
6052 7965 1 21 234
4871 7107 1 31 166
7010 653 2 36 380
1244 2492 1 3 30
3839 6126 1 3 19
1967 3927 1 9 64
3389 4563 1 4 59
3778 1834 1 10 104
7744 10233 1 1 9
10855 910 2 4 56
1776 8195 1 20 136
8920 2600 1 1 19
9955 7986 1 16 74
1781 8184 1 3 46
7986 1965 1 6 90
7345 504 1 10 78
10553 5352 1 32 240
261 11213 1 13 190
10484 9308 2 1 11
9302 6559 1 15 131
6586 5195 2 16 105
2719 5167 1 13 79
9307 6570 1 15 151
591 3115 2 31 130
4171 1656 1 1 15
2954 8741 2 14 147
2836 5015 2 29 40
1571 4096 1 12 114
4070 1541 1 11 109
5396 2407 1 15 34
1740 8048 2 1 8
10578 5291 1 5 76
5068 2611 1 5 71
9142 6659 2 7 97
7432 8388 1 10 107
2318 3490 1 3 18
2711 5176 2 5 41
5273 6642 1 7 68
7335 299 1 19 178
2924 8697 1 26 76
5839 3950 2 1 8
7293 4676 1 5 61
793 2809 1 7 77
11270 8329 1 15 119
4622 7327 1 3 31
2587 9133 2 54 125
9059 6624 2 3 39
5775 8222 1 16 181
308 3296 1 7 57
1717 27 1 40 267
9241 6454 2 11 144
2956 774 2 3 17
10877 4894 2 12 93
4067 5759 1 8 100
5827 8122 1 1 5
11271 383 2 4 68
3851 1937 1 6 77
4543 3327 1 5 71
9778 3953 1 2 29
4026 1717 1 8 97
10362 1191 1 5 80
8164 9625 2 2 37
9591 249 1 9 53
3724 2044 2 2 29
8630 7112 2 25 197
8630 11005 2 2 28
9593 243 1 19 123
5142 2654 1 4 68
4396 9336 2 4 54
9651 148 1 2 31
2168 7626 1 4 46
5977 7944 1 6 34
7657 2142 1 4 63
4895 7025 1 11 125
2268 7522 1 17 78
407 7329 1 182 252
4988 6899 1 8 64
3927 1839 1 5 77
1029 10562 1 15 101
7631 2183 1 60 84
427 3238 1 1 15
7659 10158 2 2 14
5836 79 1 18 145
4272 3255 1 2 27
11074 8238 1 19 277
9241 10254 2 19 217
10402 3468 2 4 36
1308 316 2 8 62
756 1792 1 12 144
2130 9105 1 28 200
9442 4550 1 2 32
10443 7603 2 7 64
10848 7979 1 31 108
5515 378 1 8 120
7762 6725 1 25 113
5774 657 1 24 117
5103 9973 1 153 213
1191 6387 1 19 185
7808 2634 2 4 12
5125 6149 2 1 5
8254 3118 1 33 151
8811 1776 1 5 70
8923 1886 2 1 1
8955 9971 1 14 101
4257 11213 2 17 213
10822 7973 1 1 26
9210 10278 1 13 194
10923 8128 2 3 33
4935 1888 1 1 10
9798 4858 1 3 15
10770 7991 2 3 54
9302 10243 1 13 134
7634 10561 2 1 13
3917 10765 2 2 20
691 9788 1 64 89
4976 6044 1 1 23
1601 4780 2 13 159
8591 1614 1 7 78
8640 1564 1 1 14
6498 3514 1 2 24
4586 5649 1 8 82
3143 8169 1 1 6
5538 4456 2 4 63
5839 4892 2 1 7
7225 8305 1 8 49
9593 8631 1 4 48
6803 7807 2 19 181
315 1342 1 5 33
7744 6602 2 10 84
11132 4257 2 6 34
6159 8936 1 1 1
6879 3871 1 30 326
2640 7818 1 6 70
145 7202 2 24 260
3105 8195 2 11 66
5221 6249 1 1 20
1385 262 1 7 61
5310 10336 1 1 10
8123 2900 1 7 70
8595 9703 1 4 58
378 9544 1 12 126
4767 9773 1 8 68
9858 5109 1 6 55
1295 4586 1 15 190
7405 4256 2 3 45
103 3129 2 1 7
111 11077 1 7 63
5470 434 1 13 80
774 5781 2 1 13
7727 10447 1 1 22
2445 7737 2 2 14
8793 1614 2 9 135
3448 2528 2 3 44
9040 6028 2 18 182
8926 10038 1 9 128
11078 4023 2 1 11
5683 8697 1 9 99
9625 739 1 1 5
101 7202 1 4 55
1131 2110 1 9 110
8648 5915 1 4 40
7412 4291 1 10 64
881 2039 1 77 107
3108 8134 2 13 144
5523 469 1 88 187
10254 1014 2 53 73
5985 986 1 4 52
9160 2312 2 1 3
10023 8901 2 2 21
10848 3743 1 15 111
1889 993 1 22 103
3026 8051 2 1 21
1408 297 1 59 82
9338 4600 1 15 144
9743 8693 2 1 3
3109 124 2 1 6
2208 9124 1 11 109
69 11097 1 63 151
335 1403 2 26 338
8079 3024 1 3 16
9099 6404 1 8 50
9185 6344 1 16 157
2628 7944 1 1 9
3757 10743 2 31 109
5581 8439 1 6 56
1447 8451 1 17 141
1258 2113 1 1 23
10953 8195 1 38 386
8079 3036 2 4 27
5936 951 2 9 137
1066 6394 1 21 80
10622 3859 1 2 20
10977 101 1 1 5
89 7102 1 32 132
553 9739 1 4 50
4025 11023 1 6 55
1415 8392 2 6 87
10562 7497 1 14 198
9359 4630 1 4 58
7631 6571 1 5 73
9737 8633 2 9 80
3950 3129 1 1 11
10732 3784 1 1 22
7727 2359 1 1 8
18 7225 1 2 28
3238 4005 1 7 52
9407 8659 2 12 17
1728 8498 2 11 101
2600 7492 1 3 24
10700 7583 1 2 16
8862 2106 1 11 144
5814 8480 1 2 31
7621 6843 1 17 77
4699 1264 1 13 187
1068 1862 1 6 85
8382 5694 1 2 33
4396 11097 1 7 39
1447 8733 1 17 165
3690 10402 2 2 30
793 10121 1 1 15
5273 1889 1 6 64
4461 9578 1 6 53
2191 8901 2 6 48
8591 5478 1 13 122
10243 5072 1 14 144
5939 9110 1 11 111
3483 2612 1 4 45
10478 3862 1 18 102
8184 3394 1 5 41
3374 4068 1 2 30
8773 9442 1 54 684
7704 6852 1 25 209
722 5558 1 15 183
9359 4789 1 8 113
2475 7953 1 6 54
2539 7973 2 3 26
5289 1862 1 45 171
2032 1131 2 1 10
2492 7939 1 4 59
9277 9937 1 29 88
3177 4031 1 2 31
8640 9346 1 8 111
9971 9307 1 11 124
8422 1535 1 4 46
8182 7412 1 4 41
8064 7293 1 3 42
4257 2937 1 6 60
5102 6377 2 12 132
9507 8748 1 33 130
9240 6116 1 5 66
1475 691 1 1 16
580 5501 1 13 102
1874 9162 1 19 74
9035 2209 1 26 213
7492 10721 1 11 97
6421 8936 2 2 3
10233 5160 1 74 102
8574 1387 2 1 13
4767 1288 1 10 137
2085 8923 2 1 12
3296 8024 1 16 93
6459 3819 1 12 133
277 5800 1 17 100
6425 880 1 24 36
1806 8422 2 3 32
10683 3616 1 71 681
835 10262 2 1 4
7515 10735 1 12 120
8503 1596 1 9 101
7439 79 1 15 80
7287 205 2 2 14
10117 5110 2 28 402
7547 2785 2 1 8
8741 1308 2 6 44
8345 9737 1 37 75
4212 7136 1 7 53
9400 774 2 7 48
11120 8182 1 15 150
5026 6371 1 4 42
243 3233 1 20 210
15 11243 1 40 213
1074 10043 2 4 45
1184 9815 2 12 64
10524 7762 1 10 117
8958 2116 1 3 18
9547 8640 1 11 146
9435 723 2 3 38
4493 9778 1 7 67
1541 447 1 9 99
205 3265 1 1 6
3007 4359 1 18 167
7961 2445 1 1 11
9194 6118 1 6 68
3077 8314 2 4 25
2023 1029 1 1 25
9346 8791 1 2 36
3379 8047 1 17 79
434 5774 1 5 82
10628 3638 2 11 122
9973 9170 1 6 86
703 1358 1 2 20
7327 8184 2 16 92
5932 1198 2 8 16
7436 18 1 2 27
10550 7752 1 26 199
4396 7025 1 21 299
3291 8074 1 1 22
5127 2085 1 4 37
3255 193 1 10 114
6920 3468 1 15 212
1906 9245 2 3 39
9179 6057 1 27 204
6000 9240 1 1 4
5310 6020 1 11 57
2209 876 1 76 206
10186 8958 1 7 27
3638 2600 2 19 206
6321 8927 1 43 205
1317 738 1 2 28
5973 1215 1 9 112
4503 9716 2 16 198
6303 881 1 1 12
8936 2183 1 16 93
352 1728 1 9 115
6250 8992 1 11 154
1149 6028 2 14 113
7893 2445 2 3 22
5352 9721 1 5 76
10373 3950 1 1 14
1607 9133 2 10 85
714 6344 1 5 61
5648 9037 1 1 4
1614 1084 2 1 2
7112 7641 2 1 4
7428 7965 1 9 49
1910 355 1 2 29
9256 1740 1 9 126
6624 4107 1 5 31
5933 4435 1 3 32
3368 7958 1 5 66
9160 5743 1 2 32
2535 189 1 7 80
7522 10899 1 11 124
7761 3169 2 1 2
3315 7922 2 2 31
1819 5404 1 1 27
3784 11193 1 11 127
5060 9464 1 5 54
6249 8659 1 29 41
6149 516 2 5 54
8178 6623 1 2 16
5915 1230 1 5 79
279 1841 1 4 69
6565 89 1 8 67
7977 11300 1 32 359
1142 9720 2 4 56
6525 8130 1 5 43
4676 2032 1 3 17
2534 4070 1 5 53
1317 4955 1 14 110
8051 10373 1 9 80
5109 1415 2 1 23
6044 346 1 145 238
3372 3897 1 9 118
7389 7872 2 9 62
7985 7411 2 2 18
2523 145 1 13 91
6377 8803 2 13 158
10243 8798 1 5 52
9716 9302 2 17 194
3410 7035 1 103 144
10560 4067 1 19 74
2346 84 1 6 93
3955 2452 1 3 54
27 6525 1 8 111
1603 9185 2 10 109
10149 4697 2 31 172
4503 1836 2 16 194
4808 2318 2 2 17
6126 430 1 17 173
7807 7290 2 7 68
8050 10431 1 6 29
5141 1461 1 18 60
4089 10560 1 8 118
1288 8926 1 4 67
9242 5878 2 6 59
308 6016 1 36 279
3616 7137 1 11 110
5778 9059 2 63 137
1538 5289 1 10 86
4854 6355 1 10 82
1221 5824 1 18 132
6201 639 1 1 7
8172 10560 1 2 28
7206 7617 2 12 56
7616 7205 2 81 113
9041 9422 1 8 80
4628 6005 1 14 72
8693 6421 2 1 4
2492 23 2 1 16
51 6623 1 6 40
722 10149 2 6 69
3523 7194 1 1 23
10947 7730 1 3 29
1191 9625 1 4 50
3752 3370 1 25 221
4550 9825 1 28 257
10634 4341 2 38 196
11213 7976 2 20 186
7034 7704 1 5 70
4243 6908 1 1 16
4341 10629 1 4 66
9233 1603 2 4 25
5142 9397 2 21 233
2445 8254 1 13 143
6957 3567 1 2 31
9955 262 1 15 208
4420 6087 1 14 89
2060 355 2 4 30
4808 10105 1 5 53
7730 10927 1 8 56
5087 1317 1 2 37
7872 3186 2 5 22
1878 8476 1 4 27
4602 5932 2 6 94
9522 876 1 23 276
993 1325 1 7 57
5843 1011 1 56 148
193 10348 2 2 26
4266 6844 2 7 35
1221 1564 2 1 15
3265 7922 1 139 235
10056 4461 1 4 58
6317 8648 1 3 37
9407 5068 1 7 61
992 9383 1 13 134
4543 9977 1 12 89
10927 7617 1 8 66
946 1288 1 12 70
7574 10976 1 7 92
7798 11329 1 8 120
10004 8345 1 10 80
5225 5884 1 53 501
8118 6631 1 81 113
4492 6068 1 13 104
3724 3379 1 7 100
10005 315 1 2 28
5939 4649 1 8 78
6249 691 1 22 97
9825 8570 1 3 28
6284 8704 1 15 118
7922 7287 2 25 211
7985 7224 1 26 333
10907 7698 1 23 133
6860 4243 2 6 29
131 2501 1 9 105
10092 8825 1 15 196
11298 7781 1 11 89
8509 9887 2 2 28
1889 8498 1 8 75
243 2346 1 20 165
5082 9417 1 43 446
7515 3131 1 17 69
6629 3986 1 2 30
9692 5273 1 2 30
7515 11078 2 6 37
4224 6905 1 3 34
72 2528 1 3 37
69 2525 1 3 36
7976 7225 2 15 37
2438 8164 2 9 21
1783 9089 1 5 73
346 10158 1 12 171
7411 3616 1 23 322
764 10056 2 41 302
9005 9743 1 10 137
8544 6377 2 13 170
1455 9250 2 5 70
8222 2836 2 2 39
1084 9385 2 1 19
5501 9131 1 1 14
10422 4245 2 4 56
8807 6178 1 20 115
10752 148 2 2 26
9177 5538 2 11 71
5973 580 1 7 88
8024 2600 1 16 166
9417 5291 1 7 108
10121 308 1 8 73
197 2848 1 8 100
653 9887 2 15 190
2815 8231 2 3 42
7492 3177 1 18 135
5498 9177 1 8 64
9791 949 1 9 62
434 10216 1 12 90
946 9773 1 17 130
8392 6288 1 23 223
9578 4988 1 7 59
6404 486 1 2 23
1461 9210 1 9 65
9984 8708 2 56 285
6566 4257 1 3 36
1694 926 1 25 238
657 1874 1 4 58
8803 9973 2 8 104
951 9692 2 4 66
3902 7125 1 11 86
8646 5940 1 9 37
1746 998 1 6 57
8936 9743 2 1 3
9739 8938 2 6 76
9429 1056 2 10 95
5986 538 2 4 32
2049 8733 1 13 86
10171 306 1 8 100
2705 27 1 36 269
6700 3986 1 4 45
4394 10524 1 11 119
9578 8887 1 16 107
10973 7958 2 68 233
34 2690 1 20 214
9020 5832 2 1 20
1230 1461 1 20 290
672 10005 1 9 135
7323 3448 2 16 88
4789 5975 1 4 57
9124 5515 1 6 84
1066 5523 2 15 170
589 9825 1 1 13
584 9896 1 12 70
4396 2525 1 11 163
7292 7499 1 6 15
3118 3853 2 8 100
901 1806 1 15 107
8633 5963 2 14 110
7659 11300 2 12 147
8206 2796 1 14 197
9332 5276 1 4 47
55 2696 1 36 285
5878 5106 1 7 110
8812 1967 1 10 72
5800 5160 1 8 111
6048 8807 1 153 212
5060 9798 1 5 28
7025 7818 1 8 108
477 2254 2 23 285
3792 10866 2 7 106
9861 8630 2 19 68
1878 590 1 7 94
3495 7413 1 12 103
6374 352 1 12 39
8164 2624 1 11 31
1847 4817 1 6 88
1461 9107 1 118 164
2486 4204 1 8 65
1348 5386 1 5 64
738 1888 1 15 204
9937 553 1 16 107
10237 279 1 1 15
277 10233 1 43 112
6236 445 1 30 125
84 2836 1 18 211
538 9955 1 9 127
8693 6159 1 1 1
11243 3457 1 17 133
3568 7211 2 13 130
9144 9505 2 1 24
6250 8541 1 13 151
5407 9422 1 46 273
7798 11021 2 12 178
1066 5581 1 15 158
8307 10546 1 26 157
1342 9307 1 8 103
262 10243 1 9 131
8047 2757 1 22 72
6843 8050 1 10 149
4655 10151 2 13 178
7778 3077 2 15 63
2815 8119 2 1 1
2817 8123 1 1 22
10076 440 1 12 123
3651 7292 2 9 61
9892 8811 1 22 182
516 10151 2 18 88
7953 10947 1 2 29
3483 3398 1 5 27
2791 34 1 3 55
8178 2628 1 6 24
8097 6933 2 34 154
9861 4808 1 2 30
4557 10124 1 52 250
9110 5556 1 18 260
5556 9105 2 5 76
1883 4930 1 1 13
1387 9256 1 3 40
5940 8773 1 2 36
3499 3294 1 73 101
5558 1081 1 1 21
6852 8101 1 9 103
3064 3768 1 25 215
8310 6629 1 1 8
2183 434 1 3 35
1646 5102 2 5 60
8475 6271 1 1 3
1646 926 1 4 52
8659 9926 2 5 21
4213 6645 1 23 144
8927 1722 1 5 76
2077 4628 1 6 87
4630 2078 1 4 61
7752 3124 1 2 30
2900 7988 1 7 69
5072 5778 1 1 19
3788 3036 1 4 64
249 10621 1 26 101
4033 2775 1 2 36
10043 8573 2 1 7
910 5781 2 12 139
3024 3788 1 3 37
7111 3778 1 27 111
988 5683 1 8 74
2488 4291 1 16 102
1074 9481 2 2 30
8523 10124 1 14 192
8017 10850 1 33 110
8491 6281 1 9 118
6116 580 1 9 46
2611 4164 1 1 4
3139 7761 2 3 33
8704 1937 1 7 32
