1097 1689 54000 1 1
48.8317 2.35794
48.8326 2.36844
48.8358 2.37062
48.8285 2.37293
48.8267 2.32714
48.8362 2.37489
48.8356 2.3697
48.8192 2.35871
48.8303 2.3413
48.8253 2.36266
48.8314 2.38074
48.8262 2.32896
48.8347 2.346
48.8265 2.34182
48.827 2.34205
48.8278 2.33253
48.833 2.3282
48.8296 2.32836
48.8244 2.3544
48.8257 2.34721
48.8311 2.38114
48.8357 2.37536
48.8184 2.3699
48.8258 2.37183
48.8298 2.35707
48.8268 2.35439
48.8306 2.34594
48.8292 2.36072
48.8262 2.38554
48.8347 2.36699
48.8207 2.34943
48.8359 2.35874
48.821 2.35498
48.8283 2.34743
48.8327 2.36215
48.8275 2.33483
48.8161 2.344
48.8221 2.35017
48.8216 2.37248
48.8244 2.37639
48.836 2.37291
48.8324 2.36487
48.8254 2.38741
48.835 2.34499
48.8403 2.36304
48.8341 2.33333
48.827 2.36648
48.8277 2.34946
48.8294 2.36883
48.8257 2.34801
48.8407 2.35398
48.8276 2.36243
48.8232 2.34477
48.8226 2.36434
48.8216 2.35644
48.8158 2.36064
48.8307 2.33361
48.8262 2.35993
48.8226 2.3627
48.8355 2.35609
48.8337 2.33361
48.8213 2.3338
48.8203 2.32571
48.8297 2.34943
48.8345 2.33269
48.8319 2.33463
48.8279 2.36663
48.8372 2.35513
48.8315 2.3714
48.8288 2.32938
48.8268 2.33947
48.8304 2.35455
48.8262 2.35726
48.8251 2.34665
48.8189 2.35954
48.8241 2.34455
48.833 2.37011
48.8307 2.35589
48.8244 2.34898
48.8242 2.38528
48.8291 2.35351
48.8241 2.32767
48.8392 2.35009
48.8319 2.37909
48.8275 2.37036
48.8193 2.32871
48.8283 2.3426
48.8341 2.37779
48.8326 2.34686
48.8313 2.34246
48.8226 2.33514
48.828 2.32695
48.8281 2.35838
48.8322 2.35503
48.8366 2.3593
48.8253 2.3416
48.8332 2.33153
48.8371 2.37405
48.8296 2.37922
48.8339 2.35985
48.8259 2.36046
48.8283 2.35659
48.8204 2.32544
48.8228 2.3532
48.8226 2.32795
48.8181 2.36038
48.8239 2.35358
48.8379 2.37327
48.8221 2.35649
48.83 2.36725
48.8319 2.35955
48.8393 2.35486
48.8198 2.32576
48.8304 2.37833
48.8237 2.36187
48.8166 2.36456
48.825 2.35148
48.8241 2.35395
48.8359 2.373
48.8343 2.33229
48.8278 2.35029
48.8375 2.34633
48.823 2.34449
48.8328 2.35648
48.8202 2.34798
48.835 2.3726
48.8251 2.37191
48.8309 2.35554
48.8312 2.32977
48.8346 2.36734
48.8303 2.34704
48.8255 2.36677
48.8228 2.34507
48.8322 2.35605
48.8316 2.36972
48.822 2.36069
48.8327 2.34677
48.84 2.35813
48.832 2.3411
48.8351 2.36901
48.8291 2.36503
48.8358 2.35183
48.8214 2.36954
48.8362 2.35325
48.8329 2.35913
48.8208 2.37208
48.8323 2.37746
48.8249 2.35536
48.8297 2.33105
48.8212 2.34648
48.8318 2.34023
48.8306 2.33599
48.8298 2.3593
48.8242 2.37039
48.826 2.35365
48.8394 2.35017
48.8278 2.32899
48.8358 2.34982
48.8341 2.35539
48.8282 2.35273
48.8289 2.37251
48.8232 2.35442
48.8385 2.35702
48.8376 2.37365
48.8242 2.33605
48.8218 2.32666
48.8331 2.35139
48.8197 2.34605
48.8348 2.35099
48.8262 2.38644
48.8346 2.35757
48.8212 2.34279
48.819 2.36096
48.838 2.35596
48.8242 2.33589
48.832 2.37029
48.8319 2.38015
48.823 2.3624
48.8344 2.34553
48.8212 2.33429
48.8222 2.32773
48.8324 2.36262
48.8397 2.35129
48.8309 2.33673
48.8257 2.36718
48.8312 2.36918
48.8333 2.33616
48.8328 2.3472
48.8248 2.32885
48.8291 2.34792
48.8202 2.35283
48.8322 2.36764
48.8389 2.37002
48.8305 2.36599
48.8346 2.33697
48.8317 2.35959
48.8417 2.36448
48.8281 2.38486
48.8233 2.36849
48.84 2.35141
48.8225 2.34678
48.823 2.35826
48.8322 2.35855
48.8378 2.35216
48.8252 2.36073
48.8288 2.35077
48.823 2.36634
48.8321 2.33535
48.8431 2.36621
48.831 2.36113
48.8386 2.35072
48.8275 2.37163
48.8252 2.34325
48.8382 2.35591
48.8284 2.37857
48.8365 2.37382
48.8262 2.35881
48.8171 2.34398
48.825 2.36243
48.8279 2.34563
48.8223 2.34588
48.8179 2.35931
48.8191 2.35794
48.8199 2.32549
48.8206 2.36599
48.8403 2.36301
48.8338 2.36034
48.8286 2.36552
48.8296 2.38311
48.8209 2.37695
48.8344 2.33283
48.8205 2.34285
48.8339 2.34576
48.8345 2.34897
48.8288 2.32771
48.831 2.34815
48.8374 2.37386
48.82 2.34418
48.8267 2.35125
48.8199 2.36162
48.8314 2.35487
48.8423 2.36359
48.8302 2.3338
48.8268 2.35078
48.8393 2.35017
48.8177 2.36015
48.8293 2.36824
48.8254 2.38251
48.8269 2.32837
48.8333 2.36965
48.8389 2.35079
48.8252 2.3382
48.8289 2.34312
48.832 2.35995
48.8367 2.37189
48.8247 2.35363
48.8334 2.35422
48.8168 2.3602
48.8274 2.35203
48.8244 2.33114
48.8309 2.356
48.8225 2.3449
48.8232 2.33552
48.8318 2.36344
48.8261 2.33839
48.8312 2.35617
48.8195 2.37349
48.8278 2.33008
48.8174 2.34404
48.8165 2.34113
48.8271 2.38596
48.8344 2.33346
48.8306 2.35263
48.822 2.33473
48.8295 2.36012
48.8208 2.37707
48.8321 2.36527
48.8399 2.3512
48.8324 2.37153
48.8211 2.36089
48.8355 2.37312
48.8161 2.34341
48.8221 2.3304
48.8263 2.37805
48.8256 2.37476
48.8202 2.36605
48.824 2.34853
48.8332 2.36158
48.8262 2.36342
48.8206 2.35563
48.8269 2.35111
48.8264 2.3416
48.8168 2.34409
48.833 2.37875
48.8317 2.34436
48.8299 2.34731
48.8291 2.36053
48.8206 2.34946
48.8219 2.37044
48.8214 2.33435
48.8166 2.34295
48.8161 2.34417
48.8241 2.32775
48.8307 2.33202
48.8302 2.33489
48.8269 2.34817
48.8299 2.33417
48.8274 2.37722
48.8297 2.37768
48.8376 2.34925
48.8174 2.36638
48.8197 2.34161
48.8301 2.35433
48.8222 2.37541
48.8213 2.32867
48.8297 2.36927
48.8429 2.36397
48.8288 2.37712
48.8233 2.35457
48.8246 2.34152
48.8221 2.35717
48.8215 2.35617
48.8271 2.36713
48.8191 2.35946
48.8345 2.36378
48.8307 2.34835
48.8317 2.37292
48.8167 2.36018
48.8203 2.34795
48.8283 2.36726
48.835 2.34618
48.8224 2.37156
48.836 2.37047
48.8377 2.34549
48.8355 2.37211
48.8364 2.35358
48.8242 2.37681
48.8317 2.34088
48.8431 2.36617
48.8262 2.37756
48.8251 2.35759
48.8332 2.35675
48.8216 2.37156
48.8222 2.34692
48.8383 2.37279
48.8332 2.34127
48.8193 2.35325
48.8224 2.32913
48.823 2.35658
48.8222 2.33046
48.8385 2.35699
48.8322 2.35291
48.8247 2.38539
48.8335 2.36123
48.837 2.37312
48.8385 2.35076
48.8224 2.34717
48.8326 2.37925
48.8222 2.33032
48.8332 2.33647
48.8256 2.37459
48.8285 2.35279
48.8335 2.33425
48.8326 2.37099
48.8215 2.35528
48.8282 2.3355
48.8288 2.34152
48.8319 2.35345
48.8278 2.35676
48.8386 2.35955
48.8222 2.3541
48.8215 2.35874
48.8268 2.33025
48.8266 2.34451
48.8336 2.33054
48.831 2.35609
48.8388 2.3569
48.8222 2.35851
48.8216 2.36913
48.8404 2.36211
48.8298 2.33294
48.8281 2.35269
48.8246 2.3841
48.8223 2.34641
48.8263 2.37351
48.8256 2.35382
48.8222 2.35388
48.8219 2.32537
48.8328 2.35902
48.8221 2.35533
48.817 2.34412
48.8188 2.35315
48.836 2.3601
48.8367 2.35624
48.8219 2.32543
48.829 2.33219
48.8303 2.34586
48.8211 2.36888
48.8191 2.34875
48.8295 2.36005
48.8234 2.37091
48.8321 2.3586
48.8232 2.35493
48.8222 2.3539
48.831 2.37759
48.823 2.32662
48.8338 2.3334
48.8318 2.37071
48.8303 2.34721
48.8396 2.35629
48.8308 2.32942
48.8265 2.34161
48.8248 2.35541
48.8238 2.353
48.8397 2.35659
48.8258 2.35038
48.8334 2.33585
48.825 2.37247
48.8283 2.36757
48.8354 2.37351
48.8313 2.36405
48.8161 2.3599
48.8342 2.33249
48.8361 2.34671
48.8276 2.37091
48.821 2.35066
48.8165 2.34661
48.8234 2.35411
48.8369 2.35076
48.8314 2.32992
48.8282 2.36576
48.8212 2.35054
48.8222 2.34645
48.8293 2.38342
48.8237 2.36491
48.8284 2.33123
48.8371 2.3527
48.8198 2.35926
48.8297 2.34831
48.8261 2.38637
48.8174 2.36003
48.8385 2.35056
48.8215 2.33388
48.8212 2.37228
48.8382 2.35187
48.8332 2.35554
48.8282 2.33483
48.8335 2.36134
48.831 2.33465
48.8271 2.37422
48.8345 2.36727
48.8165 2.36462
48.8268 2.36504
48.8257 2.34842
48.8292 2.38354
48.828 2.37926
48.8274 2.36912
48.8338 2.36509
48.8386 2.35018
48.825 2.35709
48.8348 2.34159
48.8419 2.3642
48.8304 2.36784
48.8391 2.35097
48.8254 2.347
48.8307 2.36988
48.8289 2.35147
48.8432 2.3642
48.8341 2.33665
48.8384 2.35704
48.8391 2.37072
48.8316 2.3477
48.8212 2.35884
48.8281 2.3733
48.8235 2.36529
48.8304 2.33669
48.8289 2.384
48.8225 2.36279
48.8216 2.36937
48.8331 2.34125
48.826 2.38274
48.8356 2.35852
48.8273 2.35905
48.8278 2.327
48.828 2.38069
48.8315 2.34125
48.8372 2.37288
48.8394 2.34992
48.8316 2.35931
48.839 2.35921
48.8257 2.34834
48.8341 2.35572
48.8252 2.32939
48.8233 2.35408
48.831 2.35524
48.8269 2.35147
48.8239 2.331
48.8193 2.34458
48.8316 2.34112
48.8321 2.33955
48.8399 2.35117
48.8311 2.37981
48.8181 2.36005
48.8379 2.34752
48.8357 2.36984
48.8249 2.35542
48.8369 2.35048
48.8282 2.34854
48.8315 2.371
48.833 2.36175
48.8272 2.38553
48.8221 2.32669
48.8326 2.34701
48.8368 2.37439
48.8261 2.38745
48.8318 2.37663
48.8301 2.37872
48.8337 2.33493
48.8278 2.33052
48.8349 2.35317
48.8288 2.3427
48.8238 2.37351
48.8184 2.34428
48.8312 2.3639
48.8274 2.33511
48.8276 2.38132
48.8359 2.37286
48.8221 2.35405
48.8303 2.37043
48.8236 2.35324
48.8259 2.3452
48.8297 2.35279
48.8202 2.36464
48.8381 2.35825
48.828 2.36939
48.8342 2.35555
48.8215 2.34248
48.8285 2.32968
48.829 2.36538
48.8176 2.35993
48.8241 2.36806
48.8278 2.32673
48.8259 2.38742
48.8271 2.3687
48.8301 2.38052
48.8308 2.34413
48.8218 2.35531
48.8389 2.36096
48.8354 2.34167
48.8319 2.34033
48.8222 2.3473
48.8273 2.36856
48.8228 2.34525
48.8198 2.36485
48.8317 2.37099
48.8218 2.35646
48.8255 2.38792
48.8337 2.33186
48.8264 2.34187
48.8225 2.36057
48.839 2.35396
48.8404 2.36321
48.825 2.35726
48.8212 2.35257
48.8294 2.3654
48.8388 2.35066
48.8356 2.37331
48.821 2.3703
48.8256 2.3451
48.8167 2.34783
48.836 2.34847
48.8244 2.38445
48.8332 2.35931
48.8345 2.33392
48.833 2.36188
48.8317 2.37138
48.8238 2.33204
48.825 2.36243
48.8349 2.34797
48.82 2.35171
48.8322 2.37975
48.8321 2.35832
48.8384 2.35677
48.8348 2.36709
48.8398 2.35106
48.8205 2.34143
48.8234 2.37504
48.8257 2.38758
48.8366 2.35114
48.8346 2.33621
48.8386 2.37238
48.8372 2.35299
48.8284 2.36958
48.8229 2.37301
48.8208 2.35896
48.8199 2.36479
48.8213 2.34233
48.8321 2.3528
48.8346 2.35779
48.8268 2.35327
48.8345 2.37314
48.8289 2.37985
48.8268 2.37548
48.8217 2.37199
48.8318 2.3567
48.8203 2.3541
48.8286 2.34287
48.8264 2.3497
48.8254 2.37492
48.8316 2.34107
48.8172 2.36009
48.8393 2.35
48.8251 2.35739
48.8276 2.38106
48.8342 2.34483
48.8321 2.37204
48.8285 2.35301
48.8245 2.32831
48.8365 2.37208
48.8239 2.35106
48.8212 2.34113
48.8299 2.35959
48.8327 2.34695
48.8318 2.3407
48.8279 2.34725
48.8289 2.33115
48.8273 2.34699
48.8292 2.36527
48.8266 2.32998
48.8274 2.35688
48.8213 2.34279
48.8309 2.35453
48.8162 2.34408
48.8308 2.35625
48.8298 2.33395
48.8307 2.33133
48.8276 2.35292
48.8225 2.37294
48.8419 2.36789
48.8218 2.36334
48.8216 2.35256
48.8346 2.35749
48.832 2.35841
48.828 2.34982
48.8311 2.37189
48.8317 2.359
48.8325 2.34637
48.821 2.35076
48.8239 2.35154
48.8322 2.3773
48.8261 2.36694
48.8228 2.37306
48.8334 2.33311
48.8216 2.34311
48.8353 2.36888
48.8299 2.3677
48.8236 2.34517
48.8167 2.33735
48.8209 2.3705
48.8396 2.36065
48.8382 2.3571
48.8301 2.3288
48.8315 2.37599
48.8197 2.34285
48.8241 2.37555
48.8282 2.38245
48.8223 2.37165
48.8224 2.35534
48.8332 2.32835
48.834 2.33363
48.8359 2.35983
48.8299 2.34848
48.834 2.33646
48.8353 2.37333
48.8173 2.36003
48.8251 2.38882
48.8297 2.36936
48.823 2.35539
48.8315 2.34265
48.8251 2.34965
48.8222 2.3304
48.8329 2.35553
48.8307 2.33442
48.8335 2.36147
48.8197 2.37292
48.8237 2.35348
48.8186 2.36982
48.8274 2.34874
48.8284 2.33019
48.8311 2.35506
48.8318 2.3544
48.8181 2.35978
48.8359 2.33775
48.833 2.34707
48.8224 2.34514
48.8359 2.37428
48.839 2.34923
48.8354 2.35394
48.8264 2.33849
48.8288 2.32817
48.8321 2.3499
48.8214 2.3708
48.8163 2.36006
48.8171 2.36035
48.8267 2.36345
48.8394 2.34995
48.8245 2.33832
48.8229 2.3687
48.8206 2.35626
48.8269 2.36552
48.8179 2.34411
48.8221 2.33026
48.8292 2.37816
48.8311 2.34424
48.834 2.3337
48.822 2.36316
48.8302 2.36754
48.8274 2.33551
48.8418 2.36321
48.8256 2.32989
48.829 2.38177
48.8362 2.37149
48.8191 2.36096
48.8347 2.3382
48.8229 2.35295
48.8412 2.35594
48.8268 2.35361
48.8204 2.35906
48.828 2.32678
48.8372 2.35775
48.822 2.32559
48.8362 2.36031
48.8195 2.34458
48.8164 2.36006
48.8313 2.36629
48.8209 2.35489
48.8223 2.37583
48.8402 2.35631
48.8175 2.35424
48.838 2.351
48.8422 2.36455
48.8285 2.37879
48.8319 2.35584
48.829 2.333
48.8379 2.35731
48.8198 2.34164
48.8375 2.35809
48.8386 2.35158
48.8181 2.35906
48.8388 2.3498
48.8332 2.33545
48.8167 2.35595
48.8261 2.34405
48.8203 2.3718
48.8354 2.36986
48.841 2.36261
48.8216 2.32879
48.8315 2.33503
48.8358 2.34514
48.8256 2.32772
48.828 2.35183
48.834 2.34633
48.8216 2.34293
48.8318 2.36827
48.8229 2.32582
48.8263 2.34186
48.8223 2.33492
48.8286 2.36991
48.8312 2.35434
48.826 2.38469
48.8229 2.37314
48.816 2.34384
48.8226 2.36705
48.8371 2.35304
48.8344 2.35355
48.833 2.33599
48.8288 2.34766
48.8206 2.36603
48.8357 2.34857
48.8261 2.34134
48.8339 2.35384
48.8227 2.32661
48.8315 2.37819
48.8305 2.36741
48.8353 2.36945
48.8363 2.34525
48.824 2.35306
48.8253 2.36738
48.8241 2.37703
48.8398 2.35136
48.8283 2.34162
48.8199 2.37246
48.8287 2.35123
48.8284 2.38036
48.8271 2.3517
48.8247 2.33127
48.8334 2.33266
48.8277 2.37138
48.8333 2.36365
48.8278 2.32913
48.8281 2.38253
48.8193 2.32949
48.837 2.35018
48.8363 2.35485
48.8281 2.37071
48.8352 2.35826
48.8409 2.35482
48.8329 2.34686
48.8427 2.36438
48.8166 2.36036
48.8287 2.38105
48.8272 2.33671
48.8221 2.37116
48.8317 2.35274
48.8306 2.38174
48.8234 2.36842
48.8181 2.3598
48.8276 2.34902
48.8262 2.36336
48.83 2.37736
48.8291 2.37794
48.8215 2.36918
48.8245 2.36785
48.8264 2.34177
48.8236 2.33089
48.8283 2.38139
48.8195 2.35319
48.8304 2.35275
48.829 2.35282
48.8262 2.38682
48.8281 2.36894
48.8222 2.35269
48.8292 2.37424
48.8165 2.34293
48.8276 2.35423
48.8228 2.32659
48.8163 2.36438
48.824 2.35338
48.8269 2.33863
48.8384 2.37171
48.8246 2.33988
48.826 2.36928
48.8329 2.3546
48.8296 2.37154
48.823 2.35703
48.8208 2.35583
48.8217 2.36932
48.8265 2.35013
48.8264 2.32949
48.8304 2.36194
48.8307 2.33245
48.8221 2.37492
48.8253 2.36587
48.8301 2.33099
48.8272 2.33114
48.829 2.37616
48.818 2.36278
48.8229 2.35541
48.8264 2.34218
48.8266 2.36352
48.8259 2.38765
48.8252 2.36977
48.8364 2.37135
48.8215 2.35643
48.8207 2.35574
48.8355 2.35417
48.8162 2.34395
48.8276 2.3471
48.8229 2.36835
48.8275 2.34845
48.8338 2.33804
48.8278 2.32955
48.8355 2.36926
48.8289 2.36529
48.8318 2.35829
48.8296 2.32987
48.8336 2.37035
48.8305 2.3766
48.8228 2.34367
48.8357 2.35862
48.8329 2.32812
48.8299 2.35278
48.832 2.35349
48.8303 2.33404
48.8379 2.35537
48.8296 2.32843
48.8265 2.3415
48.8266 2.36371
48.8325 2.32976
48.8296 2.32988
48.8221 2.32542
48.8306 2.36733
48.8292 2.32802
48.8248 2.35531
48.834 2.36478
48.8317 2.35436
48.8203 2.35655
48.8241 2.35462
48.8373 2.37145
48.8292 2.36516
48.8199 2.36497
48.8361 2.34971
48.8264 2.34655
48.8255 2.36679
48.8265 2.37454
48.8216 2.37204
48.8212 2.34815
48.8168 2.35994
48.8222 2.35407
48.8247 2.34653
48.8316 2.34124
48.8314 2.35688
48.831 2.37437
48.829 2.35766
48.8255 2.37207
48.8213 2.34263
48.8299 2.37715
48.8306 2.37681
48.8214 2.35877
48.8319 2.37561
48.8322 2.36895
48.8261 2.32889
48.8244 2.36551
48.8173 2.34414
48.8204 2.37261
48.823 2.34887
48.8257 2.38294
48.8286 2.35102
48.8228 2.35833
48.8276 2.34947
48.8313 2.35625
48.8354 2.37486
48.8163 2.34407
48.8232 2.35418
48.84 2.36183
48.8289 2.33006
48.8217 2.32661
48.8358 2.3727
48.8217 2.33455
48.8266 2.38637
48.8351 2.34645
48.8276 2.36613
48.8375 2.35522
48.825 2.38442
48.8368 2.35613
48.8177 2.35952
48.8242 2.35544
48.8349 2.35076
48.8186 2.35329
48.8314 2.38123
48.8318 2.33521
48.8229 2.34469
48.8402 2.362
48.8289 2.33326
48.8189 2.36562
48.8242 2.33631
48.8286 2.3476
48.8285 2.3581
48.8307 2.33286
48.821 2.32992
48.8404 2.36306
48.8234 2.35544
48.8204 2.32529
48.8251 2.38003
48.8367 2.37484
48.8316 2.35927
48.8303 2.35246
48.8198 2.35674
48.8317 2.3596
48.8253 2.35107
48.8259 2.36017
48.8303 2.34047
48.8218 2.35864
48.8225 2.34701
48.8226 2.34404
48.8233 2.3657
48.8322 2.35838
48.8313 2.34862
48.8264 2.34179
48.8245 2.35781
48.8243 2.36369
48.8358 2.35254
48.8337 2.33197
48.8302 2.36222
48.8254 2.36682
48.826 2.35441
48.8386 2.35048
48.8255 2.35392
48.8286 2.38209
48.8236 2.37254
48.8205 2.37257
48.8261 2.35522
48.8259 2.35274
48.8201 2.36464
48.8291 2.34785
48.834 2.35556
48.8302 2.3329
48.8223 2.34517
48.8228 2.34486
48.8198 2.34606
48.8349 2.35472
48.8211 2.3429
48.8196 2.32776
48.8262 2.38731
48.8179 2.34422
48.82 2.35673
48.8213 2.36968
48.8263 2.32937
48.8314 2.35817
48.8297 2.37179
48.836 2.34952
48.839 2.35853
48.8384 2.35064
48.8322 2.33065
48.8335 2.36341
48.8332 2.3568
48.8192 2.35285
48.8343 2.33257
48.8338 2.33321
48.8263 2.36148
48.8164 2.36053
48.8349 2.37392
48.8221 2.34203
48.8329 2.35121
48.8287 2.38103
48.8336 2.33633
48.8258 2.36024
48.8381 2.35593
48.8278 2.33032
48.8378 2.35531
48.8316 2.35923
48.8333 2.36171
48.8313 2.3664
48.8258 2.35739
48.8222 2.34933
48.8278 2.35065
48.8337 2.3783
48.8307 2.3801
48.8294 2.36861
48.8355 2.36999
48.8314 2.33804
48.8216 2.35869
48.8249 2.35533
48.831 2.35564
48.8225 2.34647
48.8298 2.35278
48.8368 2.35185
48.8313 2.34248
48.832 2.35894
48.838 2.35746
48.8223 2.34493
48.8307 2.33386
48.8168 2.34398
48.826 2.34748
48.8383 2.35696
48.8287 2.32932
48.8192 2.36205
48.8332 2.35435
48.8193 2.36197
48.8281 2.37778
48.8258 2.34659
48.8387 2.35776
48.839 2.35857
48.8211 2.35446
48.8227 2.37738
48.8214 2.32871
48.8319 2.35532
48.8302 2.36825
48.8249 2.34665
48.8226 2.37257
48.8243 2.36568
48.8278 2.36455
48.8364 2.35831
48.8208 2.36108
48.8347 2.35334
48.8317 2.35957
48.8389 2.35319
48.8363 2.358
48.8277 2.34641
48.8257 2.36101
48.8357 2.34832
48.8268 2.35709
48.8279 2.35137
48.8334 2.36574
48.8278 2.35023
48.823 2.35939
48.8316 2.36366
48.8197 2.35008
48.8433 2.36619
48.8386 2.35786
48.8268 2.36379
48.8239 2.35022
48.8296 2.36897
48.8384 2.35368
48.8376 2.35435
48.8263 2.3598
48.8325 2.35881
3657 7756 1 8 92
3190 3180 1 7 86
10926 10920 1 1 15
10985 10971 2 9 93
7006 2926 2 21 29
143 162 1 6 63
10220 2230 1 15 156
6856 10783 1 18 118
6768 10677 1 1 26
5641 9542 1 16 148
1760 1771 2 26 226
2133 10164 1 6 80
4882 8783 2 10 135
11338 11335 1 22 112
4956 8867 2 1 17
4438 8364 1 6 64
323 8339 1 18 180
10671 2746 2 2 26
3023 11032 1 18 231
1824 5854 2 95 431
6862 2768 1 49 420
10828 6857 2 18 188
1748 1824 2 1 17
10053 1989 1 4 37
6995 7070 1 45 318
8333 8383 2 14 88
1249 5370 2 7 56
2404 10460 1 134 187
4210 4262 1 2 35
10398 2453 1 10 100
9797 1726 2 2 26
5653 5582 1 6 29
10487 2543 1 11 126
8745 4914 1 18 220
737 4814 1 7 54
9528 1460 2 1 4
9908 1863 1 19 137
1731 5901 2 2 28
9878 9853 1 14 128
6641 10500 1 18 224
6807 6695 2 2 34
697 8765 2 6 94
3741 7784 1 13 137
11325 3292 1 5 36
1685 1546 1 34 224
9594 1629 1 44 198
2091 10182 1 2 19
10311 10263 2 8 89
7608 7504 2 12 111
8268 4228 1 15 203
10878 7066 1 9 65
9810 9934 2 3 30
9176 9305 1 21 160
1675 5923 2 7 107
7274 11296 1 5 38
10217 2069 2 13 167
2715 2874 1 34 424
9889 9999 1 8 79
2453 6683 1 5 51
1987 5965 2 32 84
1071 5333 2 25 56
10826 2675 1 5 40
1609 1797 2 54 410
208 125 2 4 57
1485 1379 2 8 81
1554 5840 2 15 34
4152 3979 1 1 9
2105 10217 1 26 334
10500 6440 2 32 232
6962 11034 1 8 108
8339 428 2 123 171
3065 10881 1 8 12
10826 2709 2 4 63
8400 502 2 6 96
1190 5187 1 4 36
381 4613 2 13 48
3964 245 2 38 194
2161 10265 1 2 28
8146 8100 2 7 55
4986 984 2 8 119
8861 9051 2 1 13
4991 981 1 2 27
8836 9003 1 13 108
1771 1546 1 13 164
7372 3211 1 7 79
2250 6270 1 26 316
3876 7792 1 5 78
4032 4062 2 1 10
67 221 2 5 78
11128 11335 1 8 81
1249 5183 1 19 178
7074 7094 1 40 368
5710 5851 2 5 44
11066 2918 1 4 38
9572 9776 1 5 73
9797 9564 2 20 106
5370 1075 2 8 80
985 8837 2 11 84
8716 4574 1 5 52
8471 8701 2 4 55
2605 6429 2 2 27
11051 11296 2 10 140
10889 3185 1 9 127
10598 2348 1 3 29
5157 5411 2 12 113
4642 4914 1 14 152
3203 10932 1 81 420
10368 2614 1 17 183
11249 3085 2 13 126
8332 543 1 24 320
2678 10430 2 2 28
10387 6749 1 23 246
9991 2303 1 1 10
9104 4959 2 26 366
11012 3286 2 2 10
2489 10783 1 4 42
11268 10971 1 1 18
9913 2135 2 10 38
10069 2264 1 11 155
1307 5768 2 3 45
7586 7788 1 55 459
1769 1391 1 18 223
6788 6431 1 7 53
8191 4399 1 11 164
8372 642 2 7 104
11307 3023 1 48 187
8765 8483 2 21 216
1203 5055 1 15 147
2355 6776 1 19 165
4970 5297 2 24 343
5332 939 1 1 18
3573 3916 1 3 29
11325 11030 1 9 110
631 4478 1 27 102
8339 4752 1 31 170
6872 10570 1 24 246
8968 1190 1 21 268
3069 7422 2 15 65
9934 2303 1 8 116
4693 4514 2 1 17
1341 5724 1 8 78
1165 5130 2 11 108
3203 2945 1 106 147
8352 607 1 44 433
9596 5514 2 3 25
1951 6426 1 14 72
886 5183 1 10 119
3526 3662 1 5 31
2675 6641 1 16 28
3185 7127 1 15 80
8219 4261 2 3 14
7620 3657 1 5 55
1620 5624 1 3 13
7368 2939 1 1 15
4927 4525 1 9 47
8751 8352 1 198 1866
794 1143 2 26 271
8163 4175 1 10 87
9741 1352 1 22 124
4984 9217 2 1 19
3292 7023 1 1 10
2348 2784 1 5 70
1685 9509 1 4 35
1609 9542 1 67 185
9485 1536 2 1 18
1505 5736 1 4 58
9595 1424 1 4 48
7422 7059 1 32 183
7467 10920 1 10 122
9660 1489 1 7 110
143 4228 1 1 23
1446 1534 1 18 195
10071 1989 1 1 2
7284 7200 1 12 88
6218 1964 2 33 141
5480 5802 2 5 34
4752 4659 1 30 255
2585 2695 1 17 103
10143 2061 1 1 25
3559 7830 2 19 97
2667 6689 1 47 100
1472 5665 2 4 21
439 4765 2 36 379
5666 9497 1 2 13
6412 1879 1 6 80
2118 10065 1 18 255
7424 6982 1 3 7
5510 1693 1 4 22
10500 6768 1 9 97
4595 600 2 3 20
345 8743 1 33 282
7546 7966 1 12 98
2256 9885 1 6 30
4753 4592 1 6 47
7245 3100 1 8 69
6595 6831 1 8 44
11061 11136 1 11 36
5716 5608 1 12 128
10932 3310 1 12 106
7094 3264 1 65 403
532 4665 1 49 457
10926 3325 1 20 280
2354 6936 1 6 89
6162 9532 2 8 114
9533 6164 2 1 12
6203 9572 1 9 53
8755 1169 1 19 152
1202 8764 2 1 24
7358 2755 1 4 55
3693 4182 1 39 420
7243 10648 2 48 172
4763 5242 1 17 187
8916 381 1 28 277
3472 8039 1 95 430
2428 10926 1 11 77
9690 10220 1 40 222
5997 5503 1 28 53
6094 1399 2 7 85
8349 8880 1 24 162
11150 10615 1 12 100
8706 9237 2 32 50
10708 11183 1 9 81
9356 9811 1 5 80
6415 5851 1 9 89
5445 9835 1 1 20
1268 1873 1 9 98
8745 9200 2 60 300
8753 1143 1 45 275
6032 5514 1 10 30
3432 38 1 4 25
10677 11125 1 6 40
5332 4893 1 16 141
5840 2337 1 21 159
5100 492 2 4 36
9697 10307 1 1 9
3715 4290 2 60 243
9448 9999 1 8 118
1062 8661 1 10 119
5862 2230 2 1 1
2695 7231 2 2 35
10920 10372 1 51 305
10870 10421 1 18 26
9309 697 2 34 227
4073 7686 1 6 89
3452 8082 1 10 100
10570 10985 1 1 8
9961 9497 1 37 129
721 9237 1 14 206
6614 7153 1 5 61
8275 7802 2 8 81
1705 6420 1 7 47
8384 4984 2 4 49
7440 6856 1 4 42
2347 7074 1 108 467
10182 5894 1 1 12
4856 9104 2 19 158
3140 10464 1 138 1751
11066 2428 1 8 111
2347 7094 1 149 834
10421 7172 2 1 16
8483 4934 2 44 356
10644 3314 1 20 290
5753 6362 1 2 19
1546 10222 1 6 79
10222 1550 1 9 91
1136 548 1 4 65
5724 10239 1 1 13
10249 1536 2 29 337
8191 3435 2 11 155
7541 4057 1 26 179
2442 7153 2 3 38
3916 4262 1 12 107
1899 9528 2 5 50
9497 6030 1 1 20
4051 7551 1 3 33
1489 1930 1 5 76
5665 2251 2 9 94
1239 607 1 7 50
10307 1558 1 4 63
4427 5130 2 4 21
607 1150 1 4 32
2656 3390 1 1 7
939 267 1 39 237
2423 3042 1 2 29
10210 5734 1 1 9
1249 8618 1 8 118
5612 9810 2 18 159
11014 2442 2 14 81
1840 1489 1 39 80
3802 8268 1 3 53
3935 7686 1 6 85
7788 4416 1 476 1098
9448 9889 1 8 91
7434 6704 1 6 31
5764 10265 1 3 30
9885 5548 1 3 46
6757 3378 1 34 130
2069 9762 2 1 26
9051 294 1 9 88
4120 3425 1 22 129
2024 5436 1 50 450
10263 1667 2 8 84
4815 5285 2 19 150
1372 9927 2 17 24
3472 8225 2 2 28
3042 2470 1 6 38
2688 11247 2 3 33
664 5285 2 3 44
6203 5894 1 17 182
5960 9509 2 17 167
10311 1577 1 11 135
3964 3715 1 16 144
4943 4693 2 8 62
1622 1897 1 23 87
10693 7070 2 14 58
7006 10641 2 9 82
11206 2470 1 10 125
7819 74 2 2 26
721 5136 1 11 106
2715 7074 2 11 70
1460 10255 2 9 127
502 1233 1 13 183
1379 10182 2 16 223
9964 1748 2 2 29
6856 11030 2 8 69
9893 1685 2 17 142
5427 4636 1 6 88
2105 1268 1 30 206
1372 10152 1 10 67
9116 8349 2 5 46
5951 5722 1 3 45
6704 2918 1 37 284
4262 7608 1 4 66
4040 3836 2 10 136
10091 1298 1 7 56
289 1048 2 17 102
6872 10985 2 25 242
9053 8372 2 19 118
2369 7237 1 6 51
6562 11181 2 6 78
4742 888 2 75 138
572 4948 1 1 15
7784 8113 1 8 62
6032 9596 1 4 33
311 5275 1 13 139
5287 323 1 25 55
10255 9528 2 1 5
3929 7822 2 19 91
9054 342 1 1 9
1424 10299 1 17 186
7966 8150 1 6 89
10870 2678 2 1 21
10924 2629 2 1 26
4438 5267 1 2 31
2847 3079 1 4 59
8643 4956 1 1 21
7608 4210 1 8 69
1873 5736 1 37 210
6030 5666 1 1 9
4686 8919 1 21 194
1794 6059 1 10 25
6537 3185 1 40 138
8364 5267 1 4 34
10878 6815 1 33 314
1964 5880 2 14 126
7456 2451 2 6 69
5480 2250 2 37 222
2027 1634 1 17 233
1771 9893 2 2 30
9217 289 2 4 21
10894 6873 1 1 18
7145 10671 1 6 64
8658 9003 1 20 226
8983 8613 1 3 50
5965 5844 2 57 254
3396 10438 1 34 217
10849 7059 1 3 35
9976 9594 2 5 79
7512 254 2 6 87
5749 9991 1 5 19
4814 798 1 17 243
2230 1268 1 21 155
7881 3938 1 6 95
4692 5100 2 1 8
8689 5153 2 2 36
7296 2585 1 7 85
7614 4366 1 106 656
5666 9961 1 28 134
3154 6627 2 1 9
5378 4533 1 7 107
482 5275 1 8 114
830 8709 2 8 78
5923 1896 1 2 26
1823 9878 1 14 134
10865 6873 2 3 48
5427 329 2 4 31
3214 10581 1 20 176
2768 2930 1 23 256
11034 6695 1 3 45
9071 8537 2 48 466
7866 8191 2 6 58
9842 1791 1 3 45
8545 9078 2 8 64
9659 6094 2 29 398
5754 1964 2 81 112
1485 6203 1 7 86
8701 4996 1 7 85
1863 5887 2 9 53
3926 8054 1 18 256
1756 9819 2 1 13
6431 11307 1 10 93
5187 8542 1 5 28
6683 3190 1 2 28
6686 3176 1 8 76
11034 6807 1 6 57
7891 136 1 53 82
3042 10708 1 41 114
106 3802 1 16 165
5757 1984 2 14 139
8167 7819 1 4 49
1667 6075 1 12 99
10470 7358 1 1 12
3031 10693 2 1 15
2285 5489 1 24 157
7466 6429 1 16 73
9038 529 2 1 13
2061 9570 1 18 254
9843 5870 1 12 173
3085 6786 1 12 148
3069 6776 1 27 242
7465 2342 1 24 161
3367 2378 2 8 36
2451 3293 2 8 72
2480 5548 2 2 26
5965 7005 2 47 66
10475 9440 1 3 52
4595 3571 1 35 389
2926 9835 2 8 61
2369 9365 2 6 53
588 3741 1 9 74
6429 5445 1 7 109
2755 9694 1 3 13
6415 3378 1 9 108
9988 11012 1 30 140
1524 10570 1 8 115
2784 5844 1 4 51
8842 8012 1 26 210
4997 106 1 22 135
5489 10372 1 1 6
8976 143 1 9 41
4504 3526 1 7 52
3646 4637 2 1 12
6865 5794 2 17 24
9003 245 2 25 240
5510 10449 1 8 115
5413 4356 1 1 22
162 922 1 37 153
7504 8400 2 9 129
7620 4619 1 15 99
6716 5754 2 5 45
1444 6686 1 20 183
1563 6795 1 2 20
7465 10285 2 12 55
7595 294 2 1 15
3185 6292 1 32 183
10192 7243 2 55 169
9509 10515 2 3 22
3041 10069 1 15 154
7780 4753 2 3 45
7162 1987 1 14 164
7784 615 1 19 166
6839 5905 1 54 210
1446 2554 1 23 294
4232 5242 2 1 14
11145 2250 1 13 89
888 245 2 18 252
3502 4629 1 18 134
8661 7974 1 1 10
1534 6839 1 9 30
9999 7043 1 6 48
9988 2939 1 14 129
6915 9659 2 5 61
8113 5168 1 38 411
1885 3111 2 1 18
10430 1472 2 6 22
1693 2629 1 16 152
5847 10693 1 3 33
7527 4554 2 5 75
9622 6915 1 13 132
9570 6857 1 20 200
10673 1823 1 7 74
5901 10662 2 8 98
7165 1945 1 3 24
3367 10192 1 7 70
5880 6786 2 10 148
4290 5395 2 22 180
406 3472 2 3 54
4284 5375 1 11 106
2709 9776 2 1 15
4175 5367 1 12 136
7259 6310 2 4 30
10662 1823 1 1 16
6537 9524 1 26 116
8489 3504 1 9 73
9777 10641 2 8 119
4228 9309 1 1 13
8709 3740 2 5 50
9382 10585 1 17 159
9811 7145 1 15 56
6548 9485 2 1 11
9718 10706 1 10 101
5547 6548 2 4 30
9961 2963 1 17 172
2091 11345 2 3 47
5624 6497 1 3 43
6962 6164 1 23 71
1521 6442 1 1 22
6426 3172 1 13 74
8009 972 2 6 43
7284 6322 1 1 13
5191 4399 1 75 221
4175 1249 2 7 105
3111 9836 2 4 42
7639 8425 2 6 54
5894 6727 1 1 15
10584 9324 1 16 103
11335 2093 1 12 180
6722 1794 1 1 8
1233 4210 1 14 163
2682 1748 2 10 124
1577 10819 1 1 3
10648 1760 2 2 26
5794 10476 2 11 76
2746 5534 1 15 127
1711 10511 1 30 118
10592 5880 2 13 160
8703 3551 1 7 32
7368 9988 1 19 128
5464 6757 1 13 185
8054 9071 2 15 147
3062 10210 1 2 20
10438 1609 1 25 170
9596 2354 1 12 96
2495 5835 1 22 241
9732 2495 1 5 74
8297 4996 2 5 54
10749 5592 2 12 77
2190 10932 2 10 96
1352 10708 1 3 40
9223 179 1 2 12
10849 5603 1 20 190
6704 5489 1 16 235
2338 11051 2 12 147
10585 5847 1 23 178
3286 9988 1 14 153
832 4182 1 22 166
1885 3272 1 66 833
6548 5757 2 4 31
6412 3069 2 46 280
10695 9360 2 14 128
3452 642 1 17 195
6627 9796 1 5 13
183 9305 2 1 11
1165 4152 2 14 103
9136 1 1 4 41
10052 11251 1 166 1236
6440 1629 1 9 35
10460 9596 1 3 36
4040 1216 1 20 129
10152 10870 1 10 102
164 5378 2 23 223
6529 1594 1 13 85
4765 7483 2 38 376
11161 9843 2 16 218
1667 10368 2 48 101
5514 10644 1 7 88
5217 74 1 1 16
5183 125 1 10 111
1620 6497 1 7 55
1797 6595 1 1 8
6788 1298 1 12 174
74 9125 1 36 51
1427 10826 2 1 11
4175 886 2 13 190
2229 10881 1 2 36
2133 11043 1 17 237
5592 10649 1 19 181
1549 10476 1 9 17
1732 2403 2 2 32
2605 9450 1 11 102
5356 8037 1 30 309
10460 1797 1 1 18
888 4400 2 8 61
9819 3286 1 16 234
5641 10706 2 35 226
9125 8167 1 3 31
7011 6310 2 2 21
1989 11125 1 1 2
5333 67 2 7 82
10391 1693 1 2 20
6776 1521 1 3 47
4638 7864 1 9 73
4701 7681 2 22 78
4836 7504 1 78 946
4636 3785 1 9 74
8303 5119 1 24 215
8301 5150 2 4 37
1769 10438 1 1 9
7308 2027 1 3 49
2561 5764 1 1 15
3041 6218 2 25 269
11338 5987 2 21 158
7496 8743 2 10 85
2543 1681 1 18 123
9596 6595 1 2 18
9573 10511 1 100 322
10143 3023 2 18 238
7756 4619 1 4 55
8419 7891 1 10 132
10842 5487 2 2 15
10515 1685 1 4 41
439 7866 2 6 92
9843 3405 2 2 30
10819 9380 1 1 7
2905 6415 1 4 62
5764 2474 1 9 79
8268 922 1 8 109
9694 10470 1 4 63
1969 11203 1 29 254
4765 3541 1 46 187
5582 6797 1 16 221
8150 5300 2 14 63
7296 9964 2 16 225
2474 1675 1 1 14
6749 2118 1 37 137
9238 3829 2 1 8
6411 6947 2 15 167
4665 244 1 48 626
7162 5622 1 31 439
6438 5928 2 10 85
2354 5928 1 16 156
8525 208 2 8 85
1726 3312 2 5 20
4304 8718 1 17 154
7064 1379 1 10 106
7023 5464 1 9 137
7172 1472 2 2 38
10654 2105 1 11 86
7467 1801 1 1 10
2149 2688 2 20 271
2755 2229 1 3 30
10109 10654 1 1 12
3425 8867 1 121 261
8333 45 2 33 193
1143 3830 2 6 62
272 8037 1 15 99
1879 2355 1 5 63
2179 10662 1 1 8
3563 8975 1 9 130
9199 3747 2 9 134
254 8753 1 6 91
1675 7284 1 1 25
1391 3085 1 19 171
5880 11249 2 26 186
6701 2137 2 30 230
10285 6947 2 4 59
9866 2347 1 73 948
8383 8012 2 8 106
11128 5745 1 6 87
5471 7080 2 3 27
10964 5480 2 13 155
10906 5534 1 4 53
5392 3802 1 14 131
4190 588 1 2 24
492 194 2 12 89
9958 6683 1 19 123
9811 6529 1 21 121
1945 2368 1 24 298
10222 10844 2 12 134
4275 4692 2 15 217
6438 6032 1 10 133
6075 6689 1 6 93
3963 4504 1 1 11
3180 1622 1 10 130
10819 10275 1 12 170
6442 1945 1 2 30
10372 6030 1 4 29
10589 6059 2 33 186
6305 6945 1 14 168
5489 10926 1 37 311
342 8045 2 2 26
9893 2368 1 72 203
8297 4701 1 14 131
9718 11307 1 40 191
9497 2963 1 18 127
9979 10398 1 5 54
9771 11206 1 9 85
9389 7158 2 1 9
2135 10807 1 26 307
3040 9321 1 16 54
3541 4959 1 1 10
3154 5816 1 30 417
11161 5870 1 10 90
9524 10964 1 12 68
7059 1530 1 12 179
1953 10387 1 3 11
9762 11209 1 21 122
7556 5157 2 4 18
7245 5794 2 12 71
3477 5166 1 2 28
4057 8372 1 12 167
4081 267 2 2 33
10468 2024 1 32 347
1399 7006 2 7 90
8860 3563 1 3 50
4182 8755 2 1 24
3945 437 1 43 381
5534 7145 1 4 58
2614 10275 1 7 88
6310 2656 2 2 41
4832 8287 1 3 32
2918 1505 1 11 107
10889 9524 1 9 111
3646 4984 1 38 379
981 7528 1 1 18
11104 1760 1 21 297
9927 10430 2 1 21
2951 9532 1 13 104
4533 4073 1 11 133
3890 1070 2 8 117
9543 7011 2 8 95
329 164 2 23 258
3873 9116 1 12 141
5826 3214 1 26 203
10139 10815 2 1 18
8012 488 2 12 151
5826 11161 1 8 41
3378 9573 1 12 178
813 3623 1 8 54
10703 2228 1 12 163
9019 3432 1 8 108
5862 11150 1 18 177
9690 3040 1 25 349
5870 7165 1 17 236
3403 5653 1 13 184
1895 2688 2 44 112
3390 9543 2 7 27
9777 7178 2 5 82
5722 7019 1 25 107
6431 10091 1 47 229
1899 6797 1 6 54
7551 1048 1 13 120
8764 8219 2 3 37
2061 10828 1 2 35
5603 7422 2 6 36
4366 4665 1 100 533
1169 3559 1 26 134
11206 1352 1 1 6
4814 194 1 2 37
7483 9104 2 15 100
10971 1731 2 8 87
11032 5802 1 97 191
8755 8150 2 1 8
6701 5976 2 44 617
5085 3833 1 5 60
8129 8643 1 26 366
3432 5217 1 8 77
2926 5768 2 1 23
8613 123 1 9 132
3781 8861 1 11 119
3277 5487 2 19 178
1216 3563 1 11 96
8950 3873 1 7 109
785 3747 1 10 108
2024 2773 1 37 167
3830 984 1 16 184
8144 8786 1 23 229
11043 9690 1 1 21
2847 9976 1 55 249
3324 5653 2 13 161
10652 1933 2 18 32
9796 3065 1 7 61
3536 1203 2 16 69
2378 10192 2 5 59
6807 5934 1 27 230
11012 1756 1 16 232
9238 3620 1 9 70
1391 3396 2 4 7
3264 1271 1 29 220
9853 10673 1 5 33
11209 1268 1 26 284
5547 3403 1 16 222
10641 6094 2 12 99
8658 8221 1 14 108
9836 2797 2 3 36
1897 10807 1 19 157
45 8745 2 11 165
7792 8976 2 16 209
2591 2149 1 46 171
7496 1165 2 3 28
1726 6963 2 10 141
6270 2586 1 4 42
10677 10053 1 1 5
1974 6701 2 31 434
4487 4412 1 1 21
3066 1563 1 16 164
2161 2561 1 9 33
11032 9570 2 1 21
1951 2674 1 20 260
2773 9842 1 48 67
9810 6872 2 10 138
4914 45 1 4 59
5901 10894 1 3 23
2678 9927 2 66 92
8867 3926 1 1 22
11296 9321 2 1 16
1984 10695 1 8 91
1823 10894 1 41 116
10986 5754 1 23 212
10844 5960 2 9 82
4791 8165 1 11 49
1048 7741 2 12 168
4190 473 1 3 41
4400 8333 2 7 53
4956 3926 2 2 28
9440 7321 1 4 43
3979 8743 2 15 132
4412 278 1 14 141
5499 11268 1 8 69
10736 9908 2 40 413
10421 2251 1 7 79
9382 3340 2 8 123
7440 1222 1 5 37
7210 9053 2 2 31
548 10615 2 84 174
9450 3536 1 39 186
1933 8113 2 3 36
8082 5987 1 1 8
9296 11338 2 15 118
813 7019 1 87 411
7683 1485 2 3 45
5375 7424 1 19 142
7450 5427 2 9 45
7546 9358 1 3 19
7153 5136 2 5 22
8234 2058 2 1 13
4533 6529 1 4 58
9762 3921 2 4 67
532 10633 2 5 76
2768 8751 1 143 199
8842 7023 1 26 243
8706 2793 2 2 33
576 6722 1 17 187
1558 7802 1 7 66
8225 10051 1 35 354
1379 3502 2 3 50
9055 11145 1 7 79
5471 7496 2 10 90
164 9958 2 108 150
7158 985 2 8 86
1879 136 1 6 61
8012 5997 1 4 43
125 1863 2 6 86
11014 985 2 3 51
8039 6025 1 1 15
2118 8287 1 5 53
10842 4832 1 15 181
11247 5413 1 7 51
9741 7881 1 13 110
8352 10464 1 54 195
6442 8419 2 1 22
10598 612 1 1 21
4592 10581 1 1 10
8837 10924 2 4 48
4514 2342 2 3 42
311 6521 1 7 48
9051 3041 2 1 18
4210 2179 1 17 161
3623 5573 1 25 267
9071 7308 2 2 38
7064 8837 1 22 102
798 7061 2 74 104
5411 7358 1 7 53
4275 10091 1 18 92
1216 3316 1 10 76
1357 3435 2 10 95
10239 4385 1 6 83
6873 4876 1 2 21
3867 9627 2 1 13
4856 10652 2 4 67
4062 9819 1 10 133
9934 3929 2 1 20
3023 798 2 6 70
3314 1062 1 13 74
1399 3439 2 7 80
1969 8 1 9 101
3526 5641 1 5 42
8868 7127 1 13 181
8221 1899 1 4 47
8975 6963 1 7 63
729 10703 2 3 46
3662 9718 1 28 201
5734 7974 1 1 4
8919 11043 1 29 224
8743 6716 2 7 64
5736 3921 1 16 232
3836 9564 1 1 9
1896 8234 2 2 20
6683 329 1 19 275
11136 9217 1 12 97
11150 1136 1 4 67
1530 3477 2 4 37
7741 5499 1 5 71
664 6757 1 6 66
2342 8525 2 25 194
9660 7912 1 8 89
473 2348 1 4 63
8114 9968 1 1 18
2591 323 1 31 257
8764 2614 1 57 79
3740 1705 2 3 40
5391 7210 2 10 100
4454 10584 2 15 124
11104 5391 2 2 34
4057 9878 2 1 17
4554 2428 2 26 273
4956 3100 1 25 123
5934 8225 1 59 234
10920 8968 1 14 154
2899 5170 1 1 5
7372 1075 2 9 127
7043 8975 1 1 8
10585 8339 2 3 35
8761 10633 1 45 459
6627 342 2 1 10
9903 4044 2 2 26
3684 5887 2 5 70
7019 8996 1 20 157
7877 9667 1 31 144
7259 1190 2 37 144
3190 9289 1 4 43
2793 611 1 112 371
11125 1225 1 1 17
3211 5370 1 10 125
4629 10391 1 9 92
2451 4777 2 9 84
4197 1840 2 4 52
5480 7792 2 12 129
4120 10299 2 42 184
10210 143 1 1 10
1048 6995 1 7 101
10600 8332 1 6 80
10275 190 1 11 133
7466 9019 2 2 23
1731 3573 1 2 8
10881 9054 1 4 67
4042 2229 1 2 21
2250 4081 2 31 273
1933 4284 1 3 35
2135 8113 2 22 129
1271 7788 1 170 972
1550 3452 1 6 42
8706 6614 1 17 207
10706 345 2 11 93
6831 4504 2 36 380
3172 832 1 1 10
9776 7683 2 27 93
11268 5085 1 69 157
7457 5119 1 6 68
2930 9054 1 7 62
2793 8490 2 8 114
345 6716 2 23 272
830 3277 1 30 144
106 10113 2 16 92
10633 8430 1 4 31
576 10449 1 55 169
2162 3964 1 22 248
8430 2656 1 3 24
8867 7308 1 31 150
9038 3323 2 3 28
8384 6722 2 14 113
10783 488 1 2 24
6857 514 1 4 58
8861 7321 1 3 55
2348 612 1 2 19
9309 3062 1 1 14
8332 6815 1 10 49
5835 3623 1 10 112
5612 3833 1 21 165
4986 11181 1 22 224
4232 9889 1 5 68
473 2784 1 4 43
8054 2133 1 6 87
7158 9238 1 8 104
6695 381 2 16 112
6945 406 1 11 97
3176 8912 1 9 47
543 2453 1 7 58
7321 9038 1 8 107
10275 3966 1 1 23
2251 3963 1 4 58
8860 3316 1 7 93
4536 10844 2 7 101
2773 272 1 8 115
6797 478 1 15 110
3272 5157 1 238 331
5608 3781 1 2 33
8129 2285 1 1 6
2561 4793 2 6 35
5452 3836 1 1 8
7080 1202 2 2 38
7127 9078 1 3 34
9289 7066 1 5 61
10649 8471 1 1 2
9289 10878 1 9 54
3563 5753 1 29 238
11339 4986 2 12 134
4399 9843 1 10 121
4948 7434 1 5 65
1530 3709 1 84 534
4124 2091 1 1 5
8350 6947 1 2 13
6098 8297 2 11 81
5064 7284 1 1 8
8786 6438 1 59 406
3829 9389 1 10 104
8966 3203 1 26 217
5816 7614 1 319 742
7005 5375 1 12 174
482 6749 1 5 52
5641 3662 1 2 26
269 2847 1 5 72
3284 8916 2 5 56
3833 5499 1 23 155
10468 8716 1 3 54
7200 5191 1 42 232
4893 2378 1 7 82
7902 5514 1 4 50
10844 4438 1 18 121
7274 8983 2 1 16
3031 5287 1 11 34
1756 7546 1 39 121
772 7467 1 11 159
6098 7681 2 13 127
7160 8542 2 1 8
11136 576 1 20 228
5710 4197 2 5 35
5395 6945 1 20 230
3076 4567 1 8 115
1999 7639 2 32 146
10749 5370 1 20 167
3926 2285 1 54 367
7246 532 2 7 101
190 9448 1 4 34
3293 4836 2 15 43
9305 6906 2 12 62
9835 3439 1 21 72
11203 4752 1 12 83
6027 7527 2 3 38
3079 509 2 19 271
9622 4175 2 12 98
4399 5826 1 29 196
2746 9116 2 4 59
4118 1391 2 50 152
8014 9389 2 6 56
3325 772 2 9 30
3662 10143 1 3 23
2470 8868 1 10 78
10589 5105 1 11 152
4040 5608 1 2 36
9595 4290 2 6 68
4637 3031 2 5 45
3100 8489 1 18 86
9237 10842 2 1 12
6555 8880 1 5 59
5367 6915 1 5 80
6727 9136 1 17 24
7792 2174 1 11 134
3979 5452 1 1 20
3172 8689 1 67 355
6915 9200 1 15 160
5603 4081 1 22 199
7686 9958 1 2 29
3657 2161 1 1 11
5934 7597 2 13 148
2250 3876 1 29 188
7127 8545 1 4 39
3211 8618 1 14 51
4876 11268 1 8 94
8944 6686 1 6 69
6025 3425 1 14 169
3111 4595 1 10 52
2193 3654 2 12 99
7080 4427 2 5 73
10475 9051 1 17 135
9365 183 2 4 57
7780 6322 1 31 55
9380 190 1 12 112
9360 8165 2 2 11
7974 2174 1 18 199
4686 7352 2 7 54
611 3367 2 122 170
7165 8419 1 3 23
2423 5150 2 2 34
8786 7296 2 30 173
5287 10853 1 38 330
6075 7512 2 2 37
8489 6962 1 4 57
588 7424 1 121 509
8619 7372 2 1 26
5378 10671 2 2 22
5217 10788 2 3 24
3310 8619 1 8 97
10476 4956 1 9 45
5183 10749 2 5 52
631 3403 1 5 81
11181 729 2 4 66
7237 669 1 96 134
10391 5105 1 1 19
10924 4629 1 21 132
190 1301 1 4 55
10662 9296 2 11 66
6768 1225 1 4 64
8287 9741 1 2 27
10644 9215 1 19 196
6162 3485 1 27 249
9324 179 1 39 182
4791 7440 1 4 38
294 10986 1 5 58
529 3323 2 3 43
8880 10487 1 1 14
7768 2256 1 3 35
10673 9296 1 11 18
6164 3504 1 9 49
3264 8761 1 23 288
3085 278 2 1 6
10398 8944 1 39 213
4629 7064 1 3 38
4062 9358 2 1 14
9125 6839 1 3 44
3715 6305 1 11 43
7070 4637 2 1 17
4580 7011 2 1 1
4567 7003 2 3 35
6043 3620 2 4 22
7145 4533 1 25 114
428 2898 2 5 55
4642 10932 2 56 411
5976 3536 2 8 57
7066 4638 1 18 45
10511 8842 1 2 30
8996 10468 1 5 47
7483 1987 2 15 137
10853 9136 1 9 75
1136 10654 1 8 34
3945 5573 1 69 399
3277 721 1 27 38
3079 269 2 1 24
3740 6420 1 1 25
11051 269 2 328 455
9440 76 2 35 298
4140 1301 1 11 155
3921 10139 2 3 49
3623 5951 1 25 275
8275 9697 1 5 60
492 10889 1 16 71
2554 785 1 10 57
3324 631 1 30 107
10051 3472 1 117 374
981 2369 2 22 121
289 11061 1 5 79
855 2474 1 1 9
6982 473 1 5 35
2264 7768 2 43 172
7231 8765 1 6 55
525 7434 1 105 146
5768 4338 2 2 29
3292 4791 1 36 192
548 11339 2 2 21
10152 7902 1 14 168
6795 5367 1 6 84
1524 3929 1 66 447
1298 8219 1 23 213
3551 9903 1 7 69
5928 7738 2 29 75
1969 7589 1 12 176
7864 9913 2 3 33
488 11325 1 2 21
2403 1071 2 2 33
11339 509 1 24 323
2137 3480 2 1 6
428 11247 2 24 160
1951 7877 1 19 149
9667 128 1 1 8
9380 4232 1 1 11
2337 3646 2 7 103
1 9572 1 11 123
7830 1893 2 9 138
4042 9694 1 15 36
1225 2591 1 11 47
8689 7062 1 22 166
2586 5392 1 3 48
10736 925 2 5 71
5085 6872 1 23 186
772 7160 2 6 87
7912 1969 1 8 83
4554 3325 2 5 72
940 10849 1 1 2
221 9777 2 5 64
1594 3935 1 29 210
904 6862 1 93 1020
10807 5168 1 14 182
7352 478 2 9 108
1190 2480 1 7 44
3709 1933 1 3 34
3966 1667 1 3 43
6521 9055 1 5 38
9667 50 1 19 205
6218 7595 2 7 108
9078 6521 1 10 140
794 2675 1 2 25
1222 2489 1 19 137
3405 439 2 9 132
6906 8944 1 28 243
8430 7259 2 5 57
6982 588 1 3 46
3747 1840 1 10 103
9055 6537 1 2 30
4261 5471 2 5 39
478 3324 2 6 71
8 9660 1 33 73
3477 10113 1 18 163
737 11032 2 1 17
7061 4692 1 30 154
8483 7450 2 18 134
611 7003 1 10 108
5887 8163 1 14 195
8471 7465 1 6 86
2939 600 1 33 387
3541 6412 1 41 411
5055 2605 1 37 126
2480 5187 1 3 38
45 1711 1 4 68
1341 4385 1 9 22
9991 7822 1 6 85
6442 5332 1 1 13
10470 5411 1 4 49
4039 1554 2 1 19
1634 4120 1 7 105
3938 1705 2 1 7
3493 6362 2 1 22
4119 1629 2 7 88
8037 9732 1 14 198
4226 1444 2 4 60
4856 7005 1 1 21
4427 3312 2 4 53
4262 1524 1 21 174
1534 8167 1 4 51
123 5862 1 5 45
4086 1549 1 5 77
972 2682 2 6 80
6857 778 2 17 91
1629 246 2 87 263
10615 8983 2 29 229
4199 1454 1 1 19
10964 737 1 5 78
9289 2453 1 2 27
2554 9199 2 6 84
509 7274 2 22 146
669 10906 1 1 13
7512 10263 2 9 127
5503 4400 1 13 176
3040 8613 1 1 6
8490 7243 2 36 350
10671 8950 1 49 120
7681 2190 2 4 26
1930 7912 1 46 121
10584 1070 2 14 150
274 3340 1 55 404
11030 4791 1 3 50
3477 6309 1 3 29
3573 2179 1 15 125
267 7422 1 31 196
8138 5826 1 2 33
245 9595 1 13 41
9594 246 2 7 105
6043 3829 1 10 75
3493 10217 2 10 78
5153 2674 1 3 49
2605 9019 1 4 68
9564 4152 1 1 19
4636 3190 1 147 205
6947 4943 2 29 188
8425 3293 2 6 52
278 3396 1 24 171
5753 4763 1 1 20
2930 8045 1 7 53
9532 4642 1 7 74
3709 10652 1 5 48
10815 3867 2 2 16
5548 4580 2 2 33
9605 8619 1 26 130
8618 9605 2 3 25
10299 5395 1 12 108
4081 3076 1 19 166
8753 1705 2 16 195
2280 1239 1 3 30
10438 7556 1 12 168
5901 4876 1 2 29
5436 8350 1 18 145
8751 5816 1 49 552
3065 4042 1 1 22
3062 8144 1 3 51
11183 8301 1 45 95
274 9382 1 28 259
2963 8129 1 4 37
1705 4832 1 11 160
529 5716 1 2 22
8643 1549 1 5 43
5851 664 2 1 21
8225 10999 2 18 207
5391 10222 2 12 121
5150 6075 2 138 202
4659 1446 1 1 8
5119 1951 1 5 72
9019 1974 2 41 323
10570 3573 1 30 179
8364 1357 2 37 432
4934 1897 2 17 57
9533 4613 1 4 56
1150 2280 1 7 56
2174 1062 1 27 184
8537 5557 1 11 82
925 10052 2 68 440
984 9976 2 4 50
8542 5548 2 7 49
10053 5070 1 1 4
4356 11247 1 8 53
3551 10592 1 4 44
10581 7620 1 4 58
8618 9622 1 6 88
4876 1731 1 1 8
8716 1791 1 6 41
7556 2404 1 24 76
5592 8525 2 12 146
221 3066 2 55 482
3403 4304 1 2 35
6497 3477 1 2 20
408 5445 1 1 5
6270 5392 1 4 30
7802 6865 2 11 161
6963 4040 1 3 26
1444 4454 2 2 25
381 9533 1 9 52
514 1372 1 8 40
9627 4897 2 1 24
1070 10239 1 14 70
194 10889 1 6 49
3684 10736 1 57 171
3502 10589 2 1 8
179 6966 1 3 27
3910 2709 1 1 15
2667 7881 1 6 66
4140 7043 1 17 54
6995 4051 1 5 32
2675 3910 1 3 21
1082 2337 2 4 56
8689 5854 1 16 127
9542 4487 1 20 267
1454 267 1 15 126
408 1307 2 1 14
2338 9127 2 3 46
194 10964 2 6 69
5951 8996 1 3 26
8114 3076 1 15 209
7178 67 2 6 77
9215 10152 1 6 48
2024 4943 2 18 132
6831 7902 1 3 20
5333 2193 1 5 72
5844 612 1 9 137
8912 9979 2 4 59
2963 4086 1 67 329
7819 10788 1 1 16
8234 2899 1 1 18
2174 9215 1 23 325
7589 10695 2 1 15
5905 4659 1 2 30
6429 3654 1 9 127
4197 2905 2 17 111
4416 3140 1 39 407
6936 7738 1 14 135
9321 4686 2 10 148
7061 4275 2 11 112
2149 8888 1 58 112
5503 4742 1 5 74
5754 4487 1 21 225
5153 6426 1 49 305
8045 3154 2 14 92
7074 8275 2 8 55
6786 7595 1 33 463
10113 4934 1 38 420
2069 8860 1 9 136
7003 4199 1 47 147
9771 482 1 1 8
1893 5300 2 20 115
6641 3910 1 2 29
8545 9771 1 4 50
10703 3493 2 5 78
3654 2403 1 6 91
8138 11161 2 2 29
3312 4140 1 7 43
778 10152 2 22 180
10633 7586 2 3 53
8868 6292 1 4 50
8100 11104 2 26 40
4338 7178 2 7 98
4416 3065 1 20 286
9964 5427 1 67 379
8783 9450 2 20 212
1454 4893 1 19 170
8349 1681 2 1 16
6309 5166 2 1 11
11249 4118 2 13 161
2174 778 1 13 189
9382 4752 2 8 40
6873 7697 1 3 43
1791 4574 1 1 18
10986 4412 1 60 423
10844 7620 2 11 166
5267 5960 1 9 84
1150 10032 1 1 16
11345 4039 2 4 39
8165 7440 1 2 37
136 3405 1 7 43
7891 2355 1 6 65
7006 4338 2 1 22
4638 1622 1 14 155
5070 10071 1 11 42
437 5722 1 4 58
4228 3062 1 1 8
128 7457 1 13 122
9356 669 1 15 98
5464 4815 1 6 73
7308 4120 2 27 251
4613 1558 2 5 49
4996 6411 2 7 61
5487 8709 2 6 77
7556 6936 1 14 193
5653 4742 2 4 62
4765 5622 1 5 64
3873 6555 1 6 33
8718 5503 1 6 50
5275 9968 1 22 116
6309 4997 1 1 20
3830 6562 2 6 42
6420 830 1 10 86
6059 1082 2 23 241
10052 1071 2 14 107
1505 572 1 34 233
38 7466 1 18 107
5557 8658 1 7 51
4970 6411 1 40 264
6292 5100 1 16 175
3620 2629 2 24 199
8383 1711 1 18 219
8888 10249 1 6 36
454 5749 1 5 24
10265 855 1 8 83
1791 272 1 7 100
1075 6098 2 20 101
5356 9866 1 41 360
6322 855 1 1 9
514 5665 2 15 70
10581 3657 1 1 15
3325 76 1 9 83
329 1748 1 27 387
1169 1893 2 13 52
922 6270 1 33 46
5905 274 1 1 12
323 5847 1 8 44
4261 6788 1 18 162
5724 1070 1 5 67
2027 8537 1 1 14
4642 6162 1 11 142
1550 9053 1 9 127
729 10311 2 26 228
10600 4190 1 2 23
9844 4478 1 5 79
6962 3425 2 1 16
7756 11128 1 13 182
4567 1953 1 6 72
7738 3111 1 287 829
1801 1190 1 16 121
1521 939 1 1 15
5168 5624 1 7 89
8842 5464 1 15 148
3935 10398 1 4 49
10285 8701 1 12 84
1536 9127 2 3 40
548 10109 1 5 43
2264 772 1 12 179
5987 4536 2 2 34
246 6641 2 10 148
10449 8100 1 10 142
4284 10652 1 5 60
5136 1427 2 2 34
8619 2190 1 9 102
10387 8114 1 3 37
2674 8303 1 9 43
729 2228 2 31 171
3785 3180 1 18 252
2667 8301 2 3 49
5285 5710 2 2 21
2368 8138 1 12 142
3316 3921 1 10 148
10164 525 1 14 168
8297 10649 1 5 80
1594 9176 1 12 131
1203 1732 2 8 57
4051 10585 2 91 457
7683 11014 2 9 58
2442 8014 1 4 60
3214 7780 1 10 142
5242 1577 1 1 7
10372 8129 1 50 162
4567 10065 1 35 479
4044 10592 2 5 50
3485 2951 2 38 318
323 1895 2 8 64
2898 7589 2 10 141
2945 3485 2 4 55
1534 9199 2 52 228
6815 4190 1 5 52
2228 548 2 16 124
9528 8919 1 11 104
10113 697 2 39 404
1222 5757 1 20 218
9968 311 1 4 44
1427 794 1 11 51
2939 3571 1 1 16
7450 3785 1 7 89
6362 4763 1 5 33
10500 1 2 4 42
7822 7456 2 81 113
10164 4927 1 4 51
5564 4991 1 2 32
6614 8014 1 3 35
9200 9605 1 6 86
4693 10285 1 31 175
5745 1233 1 42 102
5847 5287 1 11 15
6786 4412 2 1 12
5582 8836 1 30 135
3693 7368 1 2 16
8983 9321 2 2 21
5300 1756 2 4 39
437 5951 1 3 42
3323 3781 2 9 98
6440 4119 2 6 65
3571 7062 1 3 6
7697 10865 1 1 18
8 2554 1 19 154
9200 9622 2 18 26
76 10475 1 22 244
11183 7881 1 4 51
6059 8384 2 7 85
10515 8138 2 10 110
9885 4580 1 7 67
4574 9866 1 24 254
4385 10600 1 7 95
4385 10598 1 1 15
10487 128 1 13 50
8490 6043 2 3 43
4959 1530 1 9 123
5716 1216 1 3 31
11061 7541 1 18 108
478 9844 1 12 74
5105 5510 1 2 25
5187 1801 1 29 211
8661 10210 1 1 4
7527 11066 1 49 227
6689 3938 1 4 65
6906 4226 2 7 106
10999 7597 2 16 178
2543 50 1 20 138
6529 4073 1 19 115
7741 10865 2 21 86
9054 9796 1 1 14
10265 4753 1 22 33
3935 6683 1 12 112
5840 1082 2 15 102
7595 3041 1 25 86
1987 4856 2 9 67
1873 572 1 3 53
6305 406 1 13 193
2951 3715 2 1 19
600 1885 1 8 55
4304 2489 2 29 146
244 2874 1 232 838
5170 5923 1 1 15
1964 8703 2 8 85
10265 4592 1 1 21
8082 10673 1 25 264
5854 5153 1 11 117
7681 7372 1 9 101
4086 6865 1 26 300
615 9913 2 6 66
2847 4119 2 3 8
3938 2667 2 10 104
5157 1769 1 12 168
4793 1896 2 7 71
10853 4124 1 5 40
1732 5055 1 37 94
5130 9797 2 2 14
2378 4199 1 34 131
3559 7368 1 9 129
4275 2423 2 9 136
642 9853 2 3 32
8039 6807 1 2 22
9844 631 1 5 67
1681 4991 2 19 220
7586 7246 2 1 9
5413 9485 2 27 267
9176 9356 1 1 6
9571 4997 1 1 11
3747 2905 1 10 66
6412 439 2 10 90
208 10749 1 15 124
2303 454 1 1 6
2093 4536 1 36 101
1974 4882 2 8 79
8333 2162 1 3 32
10065 8706 1 19 34
7062 3693 1 1 9
3504 7245 1 12 88
10368 4275 2 30 263
8716 5951 1 11 102
2162 4642 1 30 295
5802 778 2 32 182
669 9811 1 7 76
7738 3272 2 1 15
3390 7586 1 12 39
9003 1634 1 16 130
5835 813 1 10 95
244 2715 1 52 415
9732 4970 1 4 34
886 5887 2 6 84
2629 8146 2 5 73
10788 38 1 13 76
543 9979 1 6 82
5168 1620 1 30 85
8014 2793 1 19 200
3502 11345 1 42 241
2797 8009 2 3 41
269 10249 2 21 202
10239 8332 1 7 82
9573 8966 1 23 304
4897 6027 2 5 47
9842 8716 1 4 67
8944 1594 1 3 50
3066 3684 2 6 68
9127 5547 2 2 12
4478 2338 1 4 51
7160 7768 1 5 79
6795 8163 2 9 125
9571 940 1 12 140
6727 4124 1 3 34
7200 7780 2 8 68
4777 1999 2 20 41
10828 3963 1 1 17
5997 8718 2 5 81
4619 2093 1 10 53
3480 11251 1 3 15
5166 9571 1 1 13
4525 10220 1 12 151
1048 5612 2 112 313
5734 8976 1 2 34
6562 254 1 206 286
5976 8783 2 7 81
4815 1930 1 8 92
7597 3284 2 4 47
1301 1202 1 3 46
2193 408 1 8 116
2874 3945 1 79 892
3439 7466 2 7 101
7830 11012 2 2 24
1075 5592 2 17 156
3340 7551 1 99 431
