1545 2386 54000 1 6
48.8791 2.3369
48.9011 2.35506
48.8632 2.34605
48.8809 2.33776
48.8912 2.33962
48.8871 2.35344
48.8862 2.3436
48.8742 2.32715
48.8848 2.35826
48.8793 2.35242
48.8716 2.33052
48.8848 2.34488
48.8964 2.34177
48.872 2.3479
48.8819 2.33433
48.8862 2.338
48.8712 2.33406
48.8933 2.34709
48.8851 2.35077
48.8627 2.33731
48.8758 2.34034
48.8738 2.35051
48.8992 2.34012
48.8621 2.34259
48.887 2.33967
48.873 2.34308
48.8716 2.33767
48.8892 2.33224
48.8639 2.33815
48.8663 2.33418
48.874 2.34727
48.8887 2.33181
48.8971 2.35889
48.8724 2.3329
48.8838 2.34702
48.8693 2.34898
48.8774 2.34689
48.8816 2.35412
48.8938 2.33509
48.875 2.34064
48.869 2.33945
48.8777 2.33152
48.8958 2.33099
48.8727 2.34314
48.8933 2.34282
48.8865 2.33963
48.8785 2.34187
48.8857 2.34741
48.8981 2.33835
48.8885 2.3355
48.8921 2.34624
48.8992 2.34076
48.8741 2.34235
48.9005 2.33468
48.8924 2.345
48.8935 2.33734
48.8953 2.36219
48.8838 2.34357
48.875 2.347
48.8822 2.33364
48.8958 2.34581
48.8995 2.34439
48.8799 2.32912
48.8782 2.35431
48.874 2.3449
48.8977 2.33413
48.8872 2.34957
48.8726 2.34035
48.868 2.33634
48.879 2.35576
48.8848 2.33373
48.8678 2.34542
48.8826 2.3419
48.8855 2.33583
48.869 2.34664
48.898 2.35256
48.8809 2.34074
48.8639 2.33589
48.8785 2.33748
48.8632 2.34293
48.8778 2.35122
48.8938 2.33879
48.8822 2.33964
48.9013 2.33505
48.8679 2.34838
48.8628 2.34663
48.8886 2.35459
48.8964 2.33483
48.8622 2.33698
48.8876 2.34152
48.8595 2.34011
48.8962 2.35946
48.8835 2.34499
48.8742 2.33749
48.8812 2.33613
48.8766 2.34658
48.8647 2.34838
48.8699 2.34862
48.8671 2.34951
48.885 2.34047
48.8673 2.3346
48.88 2.35477
48.8868 2.35644
48.8884 2.33801
48.8966 2.34375
48.8995 2.34833
48.8844 2.32945
48.882 2.34213
48.8863 2.3556
48.8798 2.3547
48.891 2.35988
48.8787 2.35389
48.877 2.35218
48.8991 2.33628
48.8736 2.32835
48.8709 2.33954
48.884 2.34842
48.8621 2.33967
48.8836 2.33257
48.8569 2.34118
48.8689 2.33419
48.9005 2.36084
48.8968 2.34203
48.8995 2.34753
48.8958 2.34339
48.8801 2.33141
48.8599 2.34209
48.8943 2.35943
48.8942 2.35943
48.8759 2.34637
48.8984 2.35365
48.8777 2.35194
48.8773 2.34274
48.9007 2.34412
48.8958 2.3465
48.8864 2.3406
48.8809 2.32863
48.8844 2.34403
48.8683 2.34553
48.8932 2.3527
48.8747 2.32843
48.8875 2.33336
48.8808 2.35117
48.8998 2.34439
48.8977 2.33447
48.8876 2.35348
48.8693 2.34968
48.8986 2.36099
48.8704 2.33688
48.8665 2.34105
48.8614 2.34251
48.8832 2.34986
48.858 2.34438
48.8744 2.33817
48.8863 2.33836
48.8891 2.35163
48.875 2.33141
48.8688 2.34334
48.8663 2.34096
48.884 2.35126
48.8948 2.34943
48.8734 2.33439
48.8933 2.35958
48.8867 2.3466
48.8633 2.34389
48.8685 2.35041
48.8833 2.34565
48.8589 2.34618
48.8656 2.34087
48.8984 2.33585
48.8671 2.34756
48.8918 2.34392
48.8858 2.35502
48.8635 2.33977
48.8615 2.34551
48.9003 2.33014
48.8922 2.3319
48.901 2.33121
48.8978 2.35917
48.8757 2.34363
48.8868 2.35555
48.8677 2.34083
48.8936 2.34795
48.8667 2.34381
48.8752 2.3352
48.8696 2.33893
48.874 2.34532
48.8827 2.344
48.8919 2.3351
48.889 2.33806
48.8844 2.34414
48.8709 2.34285
48.8783 2.33753
48.8733 2.34054
48.8818 2.34125
48.8925 2.33028
48.8986 2.35899
48.8632 2.33553
48.8953 2.35967
48.8957 2.3459
48.8887 2.35629
48.8936 2.34302
48.8732 2.33115
48.883 2.34433
48.8638 2.33199
48.8898 2.34598
48.8949 2.34177
48.8633 2.34599
48.8721 2.33616
48.8677 2.3379
48.8709 2.33747
48.8714 2.32911
48.8651 2.34689
48.9007 2.33418
48.8957 2.33109
48.8848 2.32975
48.873 2.3395
48.861 2.33006
48.8979 2.34105
48.8731 2.34684
48.8926 2.35237
48.8608 2.3412
48.8621 2.33091
48.8818 2.32823
48.8853 2.33062
48.8921 2.34302
48.8862 2.34048
48.8675 2.33208
48.8688 2.3331
48.8981 2.34424
48.8676 2.34734
48.8861 2.3566
48.8887 2.35605
48.8889 2.34384
48.8951 2.35935
48.8855 2.34952
48.8741 2.33974
48.8794 2.34857
48.8696 2.33153
48.8695 2.33948
48.8987 2.35898
48.8645 2.34266
48.896 2.33124
48.8672 2.3338
48.8883 2.34185
48.8895 2.34959
48.8965 2.35925
48.8926 2.33684
48.8769 2.33421
48.8902 2.342
48.887 2.35258
48.8977 2.33434
48.8607 2.34578
48.8931 2.33777
48.8659 2.34135
48.8748 2.34668
48.8716 2.34991
48.8797 2.34561
48.8957 2.32981
48.892 2.34694
48.8627 2.33527
48.8984 2.3532
48.8916 2.34961
48.8837 2.33225
48.8993 2.35242
48.8676 2.33476
48.888 2.35618
48.8843 2.35604
48.8921 2.34927
48.8583 2.34581
48.8736 2.33532
48.895 2.34572
48.8591 2.34639
48.8922 2.34609
48.8954 2.3608
48.8963 2.3464
48.8828 2.34453
48.8858 2.345
48.8802 2.34293
48.8955 2.34753
48.8871 2.35098
48.884 2.3516
48.8811 2.34086
48.8649 2.33195
48.8665 2.33148
48.8722 2.34671
48.8945 2.34776
48.8906 2.34415
48.8742 2.33717
48.8836 2.33972
48.8982 2.34733
48.8846 2.34717
48.8748 2.35347
48.8879 2.33273
48.863 2.3395
48.8796 2.34742
48.8977 2.33336
48.8787 2.33453
48.8593 2.34506
48.8661 2.33977
48.8908 2.33107
48.8967 2.33849
48.8884 2.34799
48.8847 2.3336
48.8804 2.33505
48.8946 2.34715
48.863 2.34789
48.8662 2.3355
48.8893 2.34179
48.8708 2.33799
48.865 2.3485
48.8839 2.33279
48.8884 2.34958
48.8927 2.34008
48.8973 2.35888
48.8664 2.34054
48.8701 2.33372
48.8914 2.33969
48.8699 2.33905
48.8726 2.33577
48.8816 2.34476
48.8942 2.33262
48.8685 2.3504
48.9012 2.34426
48.8844 2.33054
48.8977 2.32953
48.8758 2.32852
48.8629 2.3463
48.8636 2.33575
48.8913 2.34196
48.8732 2.33163
48.8767 2.33708
48.8822 2.33769
48.8834 2.3277
48.8786 2.35223
48.8668 2.34938
48.896 2.346
48.879 2.33685
48.8633 2.34401
48.8629 2.348
48.8715 2.33711
48.8723 2.33261
48.8683 2.3502
48.8731 2.34791
48.862 2.33937
48.8996 2.35239
48.8867 2.35074
48.8702 2.33596
48.863 2.33951
48.889 2.34814
48.8962 2.35955
48.8725 2.3479
48.8936 2.33631
48.8954 2.36331
48.8887 2.33556
48.8908 2.34051
48.8902 2.35991
48.863 2.34187
48.8709 2.34674
48.9009 2.34737
48.8699 2.34903
48.8842 2.34595
48.8867 2.3407
48.8763 2.35383
48.8783 2.33762
48.8611 2.33016
48.8993 2.34414
48.8978 2.33636
48.8834 2.33439
48.8895 2.34388
48.8866 2.34109
48.8647 2.33232
48.9009 2.36515
48.8676 2.34636
48.8947 2.33464
48.8644 2.34668
48.8659 2.34706
48.8712 2.32902
48.8703 2.33248
48.8789 2.33981
48.8958 2.34323
48.8763 2.33249
48.8778 2.35114
48.898 2.34239
48.8943 2.35926
48.8681 2.34825
48.8863 2.32819
48.8594 2.34348
48.8708 2.33799
48.8975 2.34428
48.8903 2.35831
48.8689 2.3367
48.8785 2.35054
48.8606 2.33026
48.899 2.32872
48.8658 2.33359
48.8807 2.34776
48.9007 2.34401
48.8833 2.33043
48.8924 2.33359
48.8982 2.35253
48.8925 2.34147
48.8844 2.34867
48.8629 2.33651
48.8978 2.34266
48.8631 2.34167
48.8813 2.32846
48.8904 2.33556
48.884 2.35553
48.8617 2.34481
48.8699 2.32799
48.8955 2.35933
48.8986 2.36423
48.9015 2.36006
48.8979 2.35923
48.8936 2.35103
48.8654 2.34872
48.8836 2.347
48.8834 2.34174
48.8679 2.33627
48.8769 2.34191
48.8817 2.34518
48.8698 2.34287
48.8701 2.33408
48.864 2.34755
48.8658 2.33016
48.8751 2.33953
48.8855 2.3332
48.863 2.34191
48.8907 2.35453
48.8864 2.34052
48.8727 2.33523
48.8824 2.34672
48.8656 2.33663
48.8898 2.35339
48.8828 2.33207
48.8777 2.33736
48.8914 2.33782
48.8689 2.34009
48.8719 2.35136
48.8572 2.3414
48.8722 2.33283
48.8647 2.34778
48.8875 2.33525
48.8755 2.34243
48.8695 2.33677
48.8604 2.34678
48.8861 2.33416
48.8849 2.33744
48.9005 2.33022
48.8761 2.33109
48.8638 2.33879
48.8827 2.3548
48.8798 2.34559
48.8611 2.34489
48.8903 2.33578
48.8971 2.3592
48.8734 2.32954
48.8928 2.35245
48.8861 2.34312
48.8943 2.34537
48.886 2.33677
48.8854 2.32929
48.8636 2.34272
48.8863 2.34261
48.8716 2.33387
48.8917 2.34873
48.8861 2.33812
48.8604 2.34233
48.8835 2.34664
48.8879 2.34709
48.8857 2.33799
48.8692 2.33869
48.8633 2.34396
48.8697 2.33595
48.8615 2.34228
48.8919 2.33352
48.8809 2.33573
48.8971 2.33163
48.9014 2.35917
48.8742 2.32978
48.8847 2.32945
48.8983 2.35366
48.88 2.33733
48.8724 2.33742
48.8783 2.33567
48.8895 2.3325
48.8734 2.35266
48.882 2.33383
48.8641 2.34181
48.9012 2.35964
48.8604 2.34057
48.89 2.32928
48.8917 2.34463
48.8822 2.33336
48.8858 2.3545
48.8866 2.34111
48.8767 2.33934
48.8926 2.33211
48.8883 2.35154
48.8778 2.35126
48.8876 2.35295
48.8893 2.33353
48.8625 2.34782
48.8594 2.34064
48.9009 2.35969
48.8839 2.32855
48.8788 2.34645
48.8601 2.33335
48.8946 2.32908
48.8712 2.33816
48.8987 2.35868
48.8629 2.34588
48.9012 2.36259
48.892 2.35979
48.8788 2.33703
48.8657 2.34702
48.8977 2.33241
48.889 2.34523
48.8682 2.33509
48.8862 2.35494
48.8845 2.33808
48.8908 2.34546
48.8669 2.34418
48.8753 2.3323
48.8832 2.34179
48.8684 2.33031
48.8733 2.35037
48.8704 2.34127
48.8844 2.3433
48.8679 2.34737
48.8579 2.34386
48.8995 2.34627
48.877 2.3422
48.8757 2.32779
48.8731 2.34305
48.8783 2.34272
48.8588 2.34541
48.896 2.33086
48.8975 2.35919
48.8822 2.32868
48.8936 2.33637
48.876 2.33845
48.8743 2.33387
48.8632 2.34386
48.8698 2.33949
48.8586 2.34602
48.8702 2.35006
48.8952 2.35959
48.8985 2.35252
48.8895 2.34066
48.8927 2.34381
48.8914 2.33988
48.8886 2.33187
48.8842 2.35241
48.8611 2.34094
48.868 2.34876
48.8659 2.33217
48.874 2.34236
48.8678 2.3323
48.8653 2.32726
48.8858 2.34068
48.8748 2.34138
48.8799 2.35351
48.8878 2.33975
48.8832 2.34531
48.8749 2.34723
48.885 2.35252
48.8971 2.33206
48.8666 2.33735
48.8956 2.34602
48.8862 2.34139
48.9008 2.33422
48.8655 2.34699
48.8722 2.32917
48.8871 2.3339
48.8869 2.34022
48.8678 2.34378
48.8885 2.33828
48.8729 2.33158
48.8935 2.32943
48.9007 2.36546
48.885 2.33721
48.873 2.33329
48.901 2.33164
48.8878 2.35351
48.8609 2.34083
48.8878 2.32806
48.8937 2.345
48.8823 2.32897
48.8874 2.34957
48.8714 2.33688
48.8994 2.35938
48.893 2.34079
48.8757 2.342
48.8704 2.34562
48.8859 2.35567
48.8703 2.34975
48.8766 2.3404
48.8768 2.33875
48.8703 2.33013
48.8613 2.34503
48.8859 2.35208
48.8895 2.33573
48.8664 2.34102
48.8683 2.34867
48.8697 2.33581
48.8873 2.33722
48.8672 2.34728
48.8702 2.32992
48.8785 2.35412
48.8664 2.33485
48.8683 2.34862
48.8963 2.35954
48.859 2.34492
48.8661 2.33965
48.891 2.33146
48.8777 2.33429
48.8895 2.34616
48.8731 2.32771
48.8794 2.34576
48.8851 2.33402
48.8747 2.33935
48.8779 2.33192
48.8766 2.34868
48.8837 2.35126
48.882 2.33437
48.882 2.3466
48.8596 2.34479
48.8827 2.32779
48.8802 2.34375
48.899 2.32946
48.8983 2.35931
48.9015 2.35952
48.8784 2.33969
48.8954 2.36057
48.886 2.35007
48.8812 2.33156
48.8641 2.34548
48.8808 2.33326
48.8824 2.33792
48.8743 2.33445
48.8912 2.36126
48.894 2.33779
48.8729 2.33536
48.8956 2.34633
48.873 2.32904
48.8961 2.35947
48.8912 2.35162
48.8706 2.3289
48.8862 2.3431
48.8658 2.34466
48.8916 2.3496
48.8679 2.32983
48.8732 2.34095
48.8611 2.34132
48.872 2.33275
48.8766 2.34661
48.8773 2.33937
48.8582 2.34509
48.8657 2.34149
48.8893 2.34457
48.8932 2.36181
48.8885 2.35357
48.8721 2.35004
48.8794 2.34574
48.8972 2.34229
48.8635 2.3474
48.8939 2.33436
48.8955 2.34956
48.9012 2.33515
48.8831 2.34689
48.8898 2.34293
48.8927 2.33042
48.8815 2.33162
48.8618 2.32736
48.8923 2.34235
48.8902 2.33665
48.8624 2.33621
48.8797 2.34952
48.864 2.33229
48.8672 2.34761
48.8863 2.33882
48.8704 2.34089
48.8703 2.33271
48.8804 2.33309
48.9012 2.34002
48.8915 2.33649
48.8963 2.34168
48.8808 2.3407
48.8836 2.3326
48.8841 2.34948
48.8993 2.34236
48.8655 2.33678
48.8636 2.33463
48.8805 2.35229
48.8992 2.33624
48.8633 2.33783
48.876 2.34015
48.8991 2.32971
48.8794 2.35162
48.874 2.34791
48.8866 2.34955
48.8964 2.34563
48.8702 2.33481
48.8905 2.34131
48.885 2.35568
48.884 2.34145
48.863 2.34808
48.885 2.34183
48.8964 2.33888
48.8907 2.34553
48.9011 2.34746
48.9005 2.32966
48.8846 2.34881
48.9005 2.33544
48.8931 2.3507
48.8823 2.33362
48.8686 2.34342
48.8692 2.34778
48.8978 2.33519
48.8763 2.34558
48.8991 2.35898
48.8705 2.34871
48.889 2.33819
48.8682 2.33818
48.8711 2.3293
48.8743 2.33272
48.876 2.34452
48.8824 2.34969
48.8651 2.34406
48.8613 2.34314
48.8689 2.33854
48.8889 2.33579
48.8605 2.34721
48.8868 2.35486
48.8773 2.34464
48.8856 2.33849
48.8712 2.33235
48.8648 2.3468
48.8931 2.34021
48.8747 2.32864
48.8794 2.34
48.8715 2.32813
48.8674 2.33247
48.8962 2.33307
48.8699 2.33481
48.8682 2.34751
48.8749 2.34798
48.8858 2.33499
48.8862 2.33383
48.8648 2.3348
48.8773 2.34232
48.8883 2.35145
48.8915 2.35171
48.8639 2.34236
48.8842 2.33392
48.8911 2.36095
48.8659 2.32789
48.8889 2.35822
48.8818 2.35407
48.8926 2.32969
48.8666 2.33567
48.8937 2.33891
48.8595 2.34517
48.8854 2.33434
48.8845 2.35828
48.8904 2.35517
48.8671 2.34727
48.8779 2.35164
48.8954 2.36159
48.8771 2.3514
48.8851 2.33405
48.8748 2.33979
48.8749 2.34807
48.8779 2.34682
48.8954 2.34823
48.8993 2.3439
48.8765 2.34613
48.8636 2.34221
48.8951 2.34809
48.868 2.34765
48.8746 2.33258
48.8953 2.34657
48.8922 2.34628
48.8598 2.34608
48.8983 2.34987
48.8697 2.34238
48.8873 2.33731
48.8897 2.34017
48.8963 2.35946
48.8846 2.32965
48.8866 2.33259
48.8951 2.34231
48.8836 2.34952
48.8815 2.35142
48.8926 2.3451
48.8768 2.33922
48.8889 2.35458
48.8689 2.34946
48.873 2.33766
48.8768 2.34594
48.8894 2.33337
48.8862 2.35439
48.8632 2.33377
48.8765 2.34249
48.8592 2.33797
48.8968 2.33347
48.9011 2.33518
48.8879 2.35134
48.8868 2.33855
48.8802 2.33532
48.8586 2.34363
48.8663 2.34127
48.8655 2.34105
48.865 2.34067
48.883 2.32933
48.8998 2.3295
48.8804 2.3404
48.8689 2.33439
48.8701 2.32905
48.8967 2.33854
48.8978 2.33926
48.8972 2.33799
48.8974 2.3339
48.8766 2.33094
48.8622 2.33917
48.8901 2.34582
48.8856 2.33546
48.8907 2.34537
48.8889 2.34651
48.8958 2.3415
48.8732 2.33873
48.8894 2.32842
48.8795 2.35321
48.8904 2.34159
48.8995 2.34413
48.8562 2.34251
48.869 2.33301
48.8701 2.35096
48.8955 2.33862
48.8661 2.33382
48.8706 2.34828
48.8786 2.34124
48.8995 2.34601
48.8941 2.36175
48.8987 2.35934
48.8698 2.32814
48.8841 2.33082
48.8952 2.34742
48.8561 2.34282
48.8607 2.33072
48.8741 2.34072
48.8992 2.33746
48.8717 2.34161
48.8666 2.3331
48.8863 2.34755
48.8823 2.34568
48.8802 2.34625
48.8902 2.34405
48.8866 2.35276
48.8693 2.33575
48.8999 2.35941
48.8667 2.34428
48.8711 2.3348
48.8677 2.33702
48.8765 2.34862
48.8749 2.34801
48.8863 2.33885
48.8904 2.35582
48.8636 2.33532
48.8774 2.3496
48.8723 2.32822
48.8979 2.34445
48.8781 2.35128
48.8701 2.34787
48.8677 2.33355
48.9012 2.3445
48.8996 2.34439
48.8854 2.34057
48.8896 2.33849
48.8888 2.3457
48.8832 2.34676
48.8949 2.35936
48.8896 2.34048
48.8795 2.33378
48.868 2.33173
48.8795 2.35206
48.874 2.34427
48.879 2.32959
48.8792 2.34934
48.8851 2.33503
48.8926 2.34378
48.8876 2.33749
48.8984 2.33387
48.8938 2.34736
48.8706 2.33207
48.8624 2.34158
48.8813 2.34095
48.8685 2.3504
48.8699 2.34065
48.8767 2.33232
48.8705 2.33936
48.8889 2.34373
48.87 2.33053
48.871 2.346
48.8761 2.35112
48.8651 2.3316
48.8768 2.34723
48.8704 2.34909
48.8753 2.34172
48.8918 2.3498
48.8639 2.34565
48.8723 2.34609
48.8661 2.33123
48.8911 2.32939
48.8698 2.34059
48.8743 2.33425
48.8903 2.32886
48.8776 2.35156
48.8935 2.34558
48.8831 2.3444
48.8772 2.34895
48.8867 2.35344
48.8782 2.35221
48.8992 2.33919
48.8807 2.34024
48.8659 2.33696
48.8728 2.33109
48.8891 2.34532
48.8905 2.33739
48.9008 2.34058
48.8943 2.32992
48.8861 2.34263
48.8931 2.33368
48.8831 2.33541
48.9011 2.3585
48.8797 2.34597
48.8722 2.3383
48.8721 2.33921
48.8948 2.34075
48.8839 2.34947
48.8892 2.35595
48.8663 2.33867
48.8595 2.34468
48.86 2.34404
48.8996 2.32985
48.8751 2.33844
48.8727 2.33537
48.8603 2.34108
48.8774 2.34671
48.8627 2.33939
48.8674 2.3473
48.8812 2.3425
48.9005 2.34439
48.8633 2.34424
48.8711 2.33465
48.8934 2.3403
48.8821 2.33697
48.8693 2.33788
48.8966 2.33587
48.8746 2.32843
48.8671 2.33525
48.8647 2.34533
48.8757 2.34314
48.8673 2.34395
48.8664 2.33412
48.896 2.34642
48.8585 2.34246
48.8779 2.33802
48.8765 2.34617
48.8656 2.34476
48.8758 2.34798
48.8955 2.33989
48.8851 2.35515
48.8609 2.33012
48.8905 2.35145
48.8775 2.35153
48.8852 2.34492
48.8616 2.32773
48.8612 2.33981
48.874 2.34652
48.8938 2.34571
48.8934 2.33825
48.8978 2.33742
48.8882 2.3469
48.8658 2.34087
48.8577 2.34541
48.8594 2.34049
48.8957 2.34757
48.8873 2.34339
48.882 2.34039
48.8806 2.33145
48.8711 2.34572
48.8784 2.35077
48.896 2.33072
48.8858 2.32883
48.8718 2.33058
48.8956 2.34827
48.8897 2.32861
48.8801 2.35097
48.8634 2.34406
48.8974 2.359
48.8783 2.34498
48.8946 2.34444
48.8975 2.32963
48.8691 2.34319
48.8985 2.33686
48.9001 2.36144
48.8953 2.33758
48.8851 2.33756
48.8946 2.34439
48.8701 2.33392
48.8914 2.36125
48.8917 2.33496
48.8728 2.34046
48.8872 2.35543
48.8962 2.34682
48.8821 2.34112
48.8908 2.34532
48.8908 2.35989
48.901 2.33015
48.8841 2.33755
48.8811 2.34253
48.8668 2.34386
48.8896 2.337
48.8794 2.34228
48.8857 2.35297
48.8885 2.33303
48.8892 2.34249
48.8843 2.35542
48.8875 2.35002
48.867 2.33588
48.8619 2.34345
48.8714 2.32907
48.8933 2.3614
48.8675 2.33367
48.8874 2.33412
48.864 2.33514
48.8818 2.3543
48.8781 2.35226
48.8768 2.33083
48.8778 2.33194
48.8986 2.36199
48.8636 2.34829
48.891 2.33102
48.8759 2.33875
48.8988 2.33437
48.8663 2.34715
48.8593 2.34565
48.8665 2.34016
48.8606 2.34664
48.9016 2.35947
48.8966 2.32869
48.8762 2.33186
48.8862 2.34047
48.8925 2.34889
48.8863 2.3405
48.8798 2.34015
48.8641 2.34657
48.8941 2.34926
48.8642 2.34761
48.8826 2.33723
48.8956 2.3389
48.8735 2.3344
48.8975 2.32938
48.8792 2.34321
48.8957 2.34648
48.8797 2.33284
48.8815 2.33984
48.8673 2.3473
48.899 2.32915
48.8582 2.34335
48.8866 2.33558
48.8821 2.33392
48.8742 2.33529
48.8631 2.34553
48.8654 2.34256
48.8886 2.3449
48.8905 2.34959
48.883 2.33484
48.8687 2.33313
48.887 2.33947
48.8789 2.34177
48.8694 2.34505
48.8794 2.33703
48.8978 2.3355
48.8689 2.33594
48.8993 2.35867
48.8964 2.34361
48.8837 2.33796
48.8662 2.34045
48.8854 2.32927
48.8829 2.32982
48.8797 2.34122
48.8839 2.35078
48.8601 2.3464
48.8734 2.34791
48.8654 2.34033
48.8823 2.33696
48.8659 2.34145
48.8583 2.34463
48.8822 2.33345
48.8609 2.3425
48.8981 2.33549
48.8627 2.33747
48.8703 2.34956
48.8909 2.35322
48.87 2.34823
48.8949 2.33551
48.8869 2.34132
48.8653 2.33328
48.8719 2.33066
48.8706 2.33792
48.8647 2.34044
48.8929 2.34195
48.8842 2.34949
48.8609 2.32992
48.885 2.34727
48.8684 2.34768
48.8966 2.33617
48.8952 2.35906
48.8822 2.33181
48.8805 2.3498
48.8834 2.33014
48.8843 2.34253
48.8646 2.3327
48.8713 2.33592
48.8766 2.34127
48.8954 2.3605
48.8766 2.34608
48.8827 2.3369
48.8841 2.33866
48.9011 2.33501
48.8678 2.3371
48.8936 2.3301
48.8852 2.33287
48.8662 2.34449
48.8702 2.33223
48.871 2.33414
48.8981 2.33518
48.8946 2.34065
48.8907 2.33333
48.896 2.35929
48.8718 2.32908
48.8776 2.33094
48.8748 2.32844
48.8971 2.33368
48.8891 2.35988
48.8798 2.35592
48.8875 2.34453
48.8684 2.33652
48.8648 2.34505
48.8759 2.33988
48.9012 2.33494
48.8629 2.34809
48.8978 2.34723
48.8849 2.33571
48.8726 2.33571
48.8773 2.34228
48.8853 2.34951
48.8742 2.32839
48.8611 2.34751
48.8921 2.36158
48.8658 2.34333
48.8913 2.36126
48.8833 2.34711
48.8612 2.344
48.8758 2.34824
48.8888 2.34659
48.8767 2.34727
48.8653 2.32979
48.8766 2.34655
48.9004 2.36298
48.8829 2.33618
48.8638 2.33423
48.8801 2.33142
48.8995 2.34557
48.8912 2.3436
48.8759 2.33905
48.8805 2.32881
48.8593 2.34673
48.8983 2.3363
48.8982 2.33433
48.8576 2.34587
48.8871 2.33968
48.8788 2.34531
48.8765 2.33176
48.9004 2.35754
48.8859 2.33856
48.8958 2.33954
48.8806 2.349
48.8671 2.32904
48.8863 2.35656
48.8777 2.35204
48.8897 2.35156
48.8849 2.35525
48.8686 2.34561
48.8619 2.34053
48.873 2.32829
48.8806 2.35217
48.8991 2.33477
48.8591 2.34181
48.893 2.33749
48.8881 2.34604
48.9001 2.33004
48.8847 2.33786
48.8672 2.33349
48.8607 2.34468
48.882 2.3522
48.8956 2.34831
48.8688 2.3343
48.865 2.33305
48.8692 2.34584
48.8958 2.34138
48.8841 2.34152
48.8834 2.34421
48.8905 2.35528
48.8911 2.36085
48.8915 2.35983
48.8865 2.34508
48.8759 2.34555
48.8668 2.33656
48.8809 2.33286
48.8616 2.34535
48.8637 2.3322
48.8965 2.35938
48.886 2.35661
48.8838 2.33223
48.864 2.33134
48.8916 2.36124
48.8782 2.34106
48.8776 2.34077
48.8567 2.34284
48.8605 2.34195
48.8767 2.33946
48.8913 2.34064
48.8947 2.3606
48.8765 2.34435
48.8787 2.35143
48.8721 2.33305
48.8913 2.34735
48.8741 2.33911
48.8731 2.34465
48.8711 2.33186
48.8837 2.34825
48.8632 2.34612
48.8933 2.34907
48.8775 2.3531
48.8635 2.3482
48.8566 2.34319
48.8653 2.34864
48.8676 2.33166
48.8904 2.34845
48.8823 2.34198
48.8698 2.34972
48.8731 2.34317
48.8661 2.33856
48.874 2.34699
48.893 2.3506
48.9012 2.34401
48.8695 2.33883
48.884 2.35542
48.857 2.34142
48.8655 2.33082
48.8686 2.34972
48.9002 2.32959
48.8701 2.35056
48.8827 2.34456
48.8977 2.32902
48.8721 2.33297
48.865 2.34851
48.8928 2.34446
48.8897 2.33975
48.8646 2.34085
48.889 2.35359
48.9007 2.36574
48.8581 2.34564
48.8921 2.36178
48.8811 2.34983
48.8809 2.34643
48.8693 2.33594
48.8702 2.34262
48.8645 2.33494
48.8758 2.34716
48.8872 2.35104
48.859 2.33985
48.899 2.33638
48.8662 2.33998
48.8964 2.35945
48.8799 2.34023
48.8835 2.32989
48.8689 2.33549
48.8603 2.34094
48.8839 2.33912
48.8969 2.33829
48.8836 2.33241
48.8815 2.34443
48.8711 2.32884
48.8793 2.33479
48.8786 2.34579
48.8625 2.33809
48.8893 2.3447
48.901 2.35489
48.8734 2.33781
48.8696 2.33581
48.8858 2.34647
48.8873 2.35634
48.8984 2.33478
48.8861 2.33797
48.8695 2.33405
48.8821 2.32903
48.8683 2.34725
48.8793 2.35335
48.8707 2.34789
48.9007 2.34425
48.8758 2.34373
48.8707 2.32874
48.9012 2.33496
48.8839 2.34456
48.8615 2.33912
48.8751 2.34094
48.8928 2.34257
48.8867 2.34103
48.8673 2.33319
48.8624 2.34031
48.8869 2.34766
48.8707 2.33427
48.8692 2.34812
48.8631 2.34488
48.8913 2.3422
48.8954 2.36061
48.8771 2.34058
48.8715 2.34307
48.8663 2.34444
48.8707 2.33254
48.8698 2.34083
48.8781 2.33012
48.869 2.33273
48.8707 2.33793
48.8897 2.34048
48.8789 2.33678
48.8673 2.34764
48.8871 2.3425
48.8735 2.32971
48.8587 2.34161
48.8816 2.34233
48.8961 2.33184
48.8722 2.32987
48.8818 2.34498
48.8638 2.33209
48.87 2.34117
48.8737 2.32718
48.8647 2.32929
48.8764 2.35201
48.8716 2.33807
48.8637 2.34814
48.8717 2.33072
48.8971 2.35948
48.8903 2.34741
48.8765 2.35123
48.8853 2.3444
48.8978 2.33586
48.8976 2.3447
48.8617 2.34121
48.8841 2.35242
48.8707 2.3374
48.883 2.34386
48.8873 2.35815
48.8942 2.34596
48.8883 2.34203
48.8979 2.34083
48.8734 2.3297
48.8773 2.34264
48.8601 2.34341
48.8685 2.3419
48.8775 2.33048
48.8978 2.33836
48.8751 2.33715
48.8666 2.32858
48.8613 2.34636
48.8968 2.33845
48.8724 2.34494
48.8569 2.34181
48.8687 2.34134
48.8912 2.34266
48.8904 2.35334
48.8599 2.34396
48.868 2.3488
48.8867 2.34112
48.8595 2.34382
48.8952 2.34191
48.8953 2.32954
48.8632 2.33848
48.8954 2.35905
48.8747 2.33029
48.8858 2.33479
48.885 2.35523
48.8822 2.3337
48.872 2.34004
48.8943 2.34143
48.8844 2.33696
48.8969 2.34674
48.8662 2.34074
48.8708 2.32806
48.896 2.34625
48.9009 2.3405
48.8688 2.33323
48.8793 2.34279
48.8692 2.34852
48.8857 2.33783
48.8862 2.33427
48.882 2.33719
48.8902 2.34326
48.8775 2.35289
48.8867 2.34063
48.8821 2.32873
48.8715 2.33698
48.8631 2.34195
48.8689 2.32942
48.9009 2.36562
48.8717 2.33826
48.8788 2.34134
48.885 2.35583
48.8644 2.33011
48.8862 2.35033
48.8943 2.33252
48.8703 2.33724
48.8955 2.3625
48.8699 2.34278
48.8967 2.33018
48.8682 2.3436
48.8921 2.36118
48.8819 2.35325
48.876 2.33713
48.9012 2.34334
48.8844 2.34483
48.8696 2.33595
48.8886 2.33805
48.887 2.33992
48.8822 2.32886
48.8838 2.34401
48.8801 2.33064
48.8885 2.33982
48.8955 2.34334
48.9003 2.34439
48.8708 2.32827
48.8739 2.33629
48.8871 2.34141
48.8774 2.34909
48.8695 2.35132
48.8595 2.34361
48.8954 2.34648
48.8684 2.34987
48.8864 2.35194
48.8695 2.3423
48.8902 2.36019
48.8797 2.3292
48.8681 2.3381
48.8958 2.35931
48.8904 2.32855
48.8768 2.33544
48.8849 2.35682
48.8975 2.32895
48.8927 2.34327
48.8742 2.33807
48.8924 2.34622
48.8785 2.35406
48.8962 2.35947
48.8731 2.34509
48.8795 2.3508
48.8768 2.35395
48.8832 2.34679
48.8991 2.32931
48.8819 2.35273
48.8913 2.34156
48.8846 2.35408
48.8569 2.34346
48.8633 2.34629
48.8896 2.34959
48.8653 2.34309
48.8654 2.34865
48.8771 2.34574
48.884 2.33234
48.8961 2.33304
48.8618 2.3443
48.8743 2.33131
48.8817 2.34505
48.885 2.3522
48.8679 2.33953
48.8893 2.33702
48.8692 2.33291
48.878 2.35219
48.8754 2.34238
48.8819 2.33967
48.8721 2.33619
48.8862 2.33633
48.8688 2.34773
48.8694 2.34034
48.8927 2.35969
48.8906 2.33429
48.8802 2.35366
48.8824 2.32795
48.8854 2.33612
48.8949 2.34324
48.8904 2.35454
48.8749 2.34743
48.8867 2.34139
48.8903 2.33303
48.8762 2.33533
48.8719 2.33041
48.8778 2.33951
48.8948 2.34632
48.879 2.34724
48.8925 2.3443
48.8616 2.34519
48.88 2.34754
48.8908 2.34552
48.8669 2.34943
48.8912 2.32877
48.8835 2.33879
48.8974 2.34483
48.8685 2.34232
48.8941 2.35946
48.8889 2.34625
48.8963 2.35954
48.8977 2.32929
48.8753 2.35092
48.866 2.34899
48.8911 2.34428
48.8854 2.35397
48.8677 2.34984
48.8925 2.33052
48.8621 2.33946
48.8634 2.34041
48.8782 2.35113
48.8634 2.34034
48.8986 2.35934
48.8641 2.34189
48.864 2.33439
48.8771 2.33223
48.8676 2.34152
48.8845 2.34949
48.8746 2.33136
48.8628 2.33509
7851 3775 1 10 120
9087 5212 1 12 81
6941 6938 1 7 102
6813 2727 2 13 187
928 929 2 1 6
8300 4281 2 5 76
2802 10779 1 9 109
2175 10177 2 1 6
2267 2279 1 17 146
5209 9069 1 9 105
1669 5787 1 8 75
2571 6650 2 5 73
319 8362 1 5 72
7545 3447 1 16 162
4650 8567 1 11 162
2932 10908 1 8 58
10667 6799 1 4 30
8020 6 2 8 32
6070 6060 1 4 68
5369 1160 1 3 23
1522 5643 2 10 149
4855 8719 2 9 129
4824 4853 2 25 228
8979 5063 1 3 35
165 191 1 5 70
133 8096 1 1 19
720 8723 2 3 54
11280 7360 1 4 47
9375 5453 1 10 145
10473 2511 1 7 67
2579 10534 1 9 129
2859 6884 1 27 70
7386 7334 1 7 78
9392 1361 1 5 75
5255 9167 1 4 58
10187 6248 1 34 103
191 4049 2 2 19
2028 10021 1 9 86
10709 6771 1 3 38
5786 5732 1 4 44
2393 6445 1 7 47
2487 2537 1 8 66
9231 5331 1 2 20
3548 3586 2 4 60
10198 10140 1 13 63
6134 10034 1 34 246
3009 10918 2 1 14
6491 2345 1 2 27
4975 8844 1 16 139
5829 5804 1 13 37
44 4022 1 3 34
10279 10345 1 10 69
6997 10948 1 36 198
8930 831 2 25 54
510 4610 1 3 44
685 4884 1 1 3
7418 3301 1 7 105
10012 9947 1 6 87
7666 3635 1 9 106
3075 11090 1 4 33
10872 2962 1 1 7
4092 4141 1 10 134
1280 5492 1 5 76
10154 2094 1 11 107
2550 10495 1 8 89
7917 3891 1 8 116
9188 9096 1 12 154
3130 11026 1 4 55
566 4785 1 9 112
8022 8089 1 4 35
2466 10382 2 1 15
10367 2418 1 7 63
132 8046 1 9 132
4177 4270 1 16 180
3320 7402 2 11 153
6771 6738 1 8 111
9062 9169 1 2 40
2037 6103 1 23 282
6863 2835 1 33 381
10880 7071 1 16 111
1386 1266 1 12 86
4443 4520 2 2 24
11284 11273 2 1 8
568 4756 1 16 193
6354 10286 2 17 176
10948 3130 1 9 128
11245 7241 1 38 136
5200 5329 2 15 169
5599 9395 2 4 41
8008 151 1 2 22
1476 5511 1 22 39
3094 7046 2 2 15
8928 9026 2 7 102
4944 909 1 4 54
4560 8342 1 27 209
5302 9299 1 2 33
685 8580 2 1 6
2215 2082 1 6 70
1845 6056 2 3 51
604 4918 1 12 114
9214 9111 1 23 164
7030 3046 1 10 120
8778 4796 1 11 83
10248 6202 2 8 80
10219 10138 1 12 65
7310 3375 1 3 43
465 4532 2 3 33
2265 2189 1 14 177
1072 9202 1 4 53
8932 938 1 9 91
11114 7381 1 2 22
493 8411 1 3 50
4104 8002 2 48 136
906 8856 1 1 19
7304 7441 2 8 95
8397 507 1 6 89
2261 2194 1 17 126
10405 6691 1 17 173
2090 6384 1 3 45
1049 5400 2 19 80
10379 10573 1 2 16
8285 4314 1 38 374
5169 8881 1 4 65
4490 4545 2 1 5
7971 3716 2 4 42
3555 3476 1 4 60
6248 6314 1 2 38
11056 2901 1 11 142
2760 10670 1 3 20
2141 10260 1 14 115
5920 1562 2 87 264
10377 2589 1 1 7
6918 2616 1 8 119
3584 7579 1 15 128
1911 1971 2 17 59
2415 10530 1 42 73
8042 8213 1 24 234
9231 9159 2 41 173
7859 7879 2 2 28
4072 4321 2 2 26
4733 4463 1 37 223
8446 4792 2 4 54
3765 7579 1 1 15
2015 10295 1 9 82
3313 11020 1 4 53
11158 2932 2 10 46
10130 9850 1 1 10
10760 2526 1 1 9
10994 7349 1 7 82
8414 4747 2 8 88
2021 6366 1 17 137
852 9149 2 27 37
2802 6594 1 13 154
4884 8567 1 9 75
602 8431 1 44 167
5906 1495 1 1 16
6384 6173 1 17 196
5568 5831 2 2 27
10322 2015 1 2 28
10731 6608 2 5 56
4364 8246 2 9 108
6356 2057 1 24 230
2415 10720 1 131 183
5920 5596 1 15 146
7138 3397 1 13 91
2566 2772 2 26 178
2902 3229 1 29 172
10667 6446 1 6 58
896 9272 1 6 31
7955 3548 2 1 13
10141 9806 1 7 78
569 8428 1 1 16
1450 5924 1 5 63
10789 2592 2 5 48
1744 5646 2 7 73
6863 2576 1 151 754
5189 852 1 11 119
4390 8183 2 11 130
1583 5540 1 4 44
6799 6446 1 7 74
9818 6252 1 2 30
5646 5825 2 5 36
8973 1247 2 6 18
7402 7106 2 6 20
4928 4593 2 1 5
8789 392 1 10 149
847 5200 2 1 8
1003 1160 1 26 251
8433 531 1 128 593
6446 2727 1 17 176
8347 4797 2 2 24
5268 8882 1 22 109
5674 1374 1 5 66
872 5186 1 1 3
8615 8420 1 37 92
8882 5252 1 1 10
2901 3249 1 1 25
4590 8778 1 9 65
8495 4911 1 10 127
1223 5071 1 2 12
10517 10806 1 4 58
2046 6312 2 3 33
5900 9461 1 1 13
10413 2659 1 3 52
10148 6120 2 72 100
3164 10990 2 1 10
6515 10792 1 1 5
1864 10256 1 4 53
6657 10686 1 21 61
6665 2723 2 3 44
8932 5416 1 5 41
458 8617 1 6 80
2409 10810 1 5 43
2967 3371 1 3 40
5663 1417 1 30 215
2772 6444 2 19 277
1501 1669 1 14 121
137 4401 1 133 184
1361 9785 1 7 73
9696 1272 1 1 14
9696 5438 1 14 90
8605 456 1 13 131
1179 4975 1 51 71
9392 5888 1 4 68
3171 7138 1 10 124
6366 9906 1 12 99
10915 11330 1 7 39
7423 3016 1 5 81
929 9076 2 25 144
9793 5509 1 8 58
5540 9753 1 6 81
5837 5431 1 3 36
1349 1798 1 154 215
2566 10699 1 3 30
8664 4593 1 6 84
1562 1495 2 8 113
3164 7163 1 16 81
196 4288 1 5 78
7636 3766 1 2 38
8931 1183 1 15 206
1838 2267 1 44 260
8593 4633 1 33 255
6519 2747 1 7 83
520 568 1 35 256
6112 2175 2 1 8
5359 872 1 14 190
1715 1386 1 1 14
10727 10435 1 79 110
8518 4774 2 1 5
2962 11239 1 15 74
2477 10686 1 2 39
6594 10667 1 16 203
2880 6467 1 15 199
10687 10473 1 13 180
6706 2577 1 4 63
1324 1714 1 4 62
2574 6696 2 15 83
9057 9031 1 7 75
4351 8042 1 10 115
6583 10701 1 9 88
10074 2051 1 8 91
8397 716 1 10 130
7191 3144 2 22 187
6120 10123 2 23 175
6184 6173 1 8 88
4785 398 1 6 85
1417 1640 1 1 26
4406 8018 1 10 123
6049 2195 1 24 36
6745 6658 1 1 15
9347 5899 2 4 46
6105 9486 1 88 122
9537 6165 1 8 123
7197 2593 1 4 62
6036 9425 1 70 210
6252 1605 2 3 26
9588 6214 1 9 104
9345 5954 1 5 73
8823 1250 1 2 29
3758 8276 1 5 77
511 1003 1 4 55
5192 539 1 21 209
656 1126 1 9 78
5182 536 2 1 10
5544 6038 1 22 76
1292 1865 1 103 210
10779 7395 1 13 71
7294 6792 1 3 29
5730 2151 1 2 26
2277 9761 1 6 84
11313 2823 1 46 220
915 449 2 21 268
6400 9789 1 3 44
3542 165 1 3 49
9756 6361 2 16 68
6707 3164 1 12 82
9723 6338 1 13 114
9476 6103 1 4 55
6444 6975 2 97 134
8587 5196 1 9 49
6041 9413 1 9 84
3579 191 1 32 318
7373 2754 1 27 93
6302 1715 1 3 39
6854 11216 2 12 107
6312 5829 1 6 76
9484 6072 1 8 77
2265 1793 2 11 125
8685 5269 1 12 101
8408 8931 1 19 202
9764 10341 1 4 44
4684 5210 1 28 269
7360 2802 1 3 29
2068 1583 2 10 124
6385 1818 1 4 45
1683 2146 1 20 130
1147 8758 1 5 75
5550 6105 1 15 124
5544 9873 1 10 138
165 7666 1 11 115
4965 300 2 18 81
5961 9351 1 10 109
3919 4351 2 2 32
10904 2352 1 20 205
11273 2881 2 10 143
3278 6882 2 3 54
6738 11188 1 19 68
837 4532 2 6 84
5587 6176 1 4 54
9671 6227 2 2 23
9785 6354 2 23 164
2215 5852 2 9 100
7734 4104 1 11 156
698 5422 1 7 65
7708 141 1 12 97
2727 7265 2 6 51
5924 10248 1 4 44
4206 3731 2 9 72
6173 1441 1 4 33
9521 6049 1 9 120
9425 9851 1 55 199
10204 9766 1 4 50
3520 8020 1 8 78
2723 11107 1 32 316
2609 7304 2 14 117
47 7562 1 20 222
5660 10166 2 13 108
6882 3322 2 3 35
2107 1619 1 44 343
3074 2571 2 1 10
33 3520 1 10 109
9490 6134 2 7 49
9765 2220 1 36 335
11107 10720 1 14 74
3725 4247 1 1 15
3586 8213 1 81 172
2194 5654 1 32 67
823 8397 1 97 136
7265 6773 1 1 11
1339 2021 1 9 59
9190 771 1 4 39
10396 3074 2 1 7
8679 5418 1 20 244
9413 2050 1 2 12
9368 1977 1 3 28
5251 8770 1 4 48
10021 1360 1 13 109
4999 8531 1 2 35
8044 7652 1 9 120
1220 8649 2 5 54
8031 7632 1 70 97
7355 6720 1 14 139
539 9225 1 47 472
3113 2415 1 31 113
2813 7252 1 2 34
9645 10333 1 10 116
6696 7355 2 4 31
11238 6697 1 6 88
4253 7951 2 24 195
141 3436 1 8 81
1917 9493 1 1 20
2832 11165 2 11 85
2082 5829 1 8 78
7132 10367 1 2 27
1575 10204 1 9 100
10488 10905 1 30 203
9756 2189 1 14 168
10377 3081 2 8 47
1396 1867 1 13 58
9634 10343 2 7 81
6934 3243 1 6 43
5920 2140 1 13 150
6361 1665 1 21 237
1605 10333 2 2 14
2237 5685 1 5 42
2783 3171 1 7 73
2261 5654 1 19 129
2107 5885 2 27 282
8607 1234 1 9 77
9924 9392 1 30 163
1816 6229 1 5 49
9521 9828 1 28 225
7294 10745 1 93 194
5200 8789 1 13 164
1027 8787 1 11 113
8070 7636 1 130 287
5197 8787 2 1 18
6268 9675 2 4 43
1669 6338 1 10 109
849 8469 2 5 68
9912 1436 1 1 11
10823 3144 1 52 230
3016 10503 1 1 20
2418 10994 1 16 222
3586 8084 2 2 19
5252 704 1 13 163
7905 8265 1 4 37
8835 4656 1 21 297
6954 7236 1 18 119
3649 19 1 84 515
3545 138 1 27 244
2747 11207 1 2 36
5732 10279 1 5 70
9592 6391 2 2 32
10122 1763 1 2 19
3795 138 1 15 60
4321 3565 2 11 64
5197 266 1 30 236
7689 4358 1 5 52
10279 5587 1 5 22
10154 1322 1 21 216
2010 5869 2 1 21
10248 1450 1 2 34
5159 8809 1 19 197
1468 2289 1 9 68
1640 1943 2 5 78
4428 9069 1 9 105
392 5329 1 11 84
11171 2427 1 1 13
9774 2011 2 3 21
4206 3463 1 8 47
4465 1024 2 26 364
2315 9499 2 2 37
2526 11228 1 1 7
1106 4482 2 1 8
3106 2856 1 59 190
8911 652 2 9 89
1009 8363 1 5 9
11261 2498 2 2 21
4656 9267 1 41 464
8863 526 1 8 91
1003 8774 1 5 34
5635 2265 1 21 207
4244 7604 1 60 453
1943 9619 2 16 78
616 5038 1 7 89
11316 6665 2 4 46
8026 3710 1 7 73
5209 8420 1 8 33
923 8806 1 6 86
10707 2940 2 10 34
363 9096 1 14 152
8881 8685 2 21 203
3122 6858 1 10 110
740 911 1 16 89
3795 8057 1 47 274
2881 3074 2 3 27
3933 7815 1 7 33
3880 4092 1 17 135
1172 4656 1 2 26
5025 4739 1 3 34
9214 474 1 31 217
9537 10260 1 14 86
685 938 1 6 78
3805 8226 1 29 85
6842 3102 1 5 48
5599 2237 1 14 176
5990 9588 1 7 47
2046 5804 2 5 79
10198 1285 1 13 121
9486 6391 1 26 59
369 5190 1 57 177
2364 3216 1 25 288
2513 11284 1 27 101
4995 569 1 1 17
156 3880 1 10 14
9057 8449 1 21 170
1250 392 1 66 505
10287 1450 2 6 81
1543 9912 1 159 221
8734 966 1 7 11
3147 2471 1 17 28
5540 2068 2 12 173
7191 2760 1 13 154
2253 1476 1 12 180
4513 1223 1 3 31
8778 849 1 7 61
2363 11230 1 3 26
1704 9818 1 18 146
8723 796 1 9 106
823 716 2 1 16
2150 9521 1 6 76
858 8775 1 7 98
94 7955 1 3 48
10602 7099 1 2 19
9873 1755 1 6 67
10816 10934 1 23 218
7159 2679 2 11 153
2281 1324 1 4 29
6608 11152 2 14 59
908 8583 1 50 239
11026 6745 1 9 57
5139 4751 1 5 53
7905 8065 1 4 39
3371 6515 1 2 32
5891 6046 1 16 150
5240 487 2 41 68
6469 11280 1 1 18
4188 7663 1 6 91
2447 7402 2 1 6
1422 10130 1 30 161
3081 2633 2 6 83
1433 10079 1 7 53
5516 2267 1 9 48
10319 5539 1 18 77
4490 9298 1 13 122
1292 2215 2 31 140
3982 3892 1 5 69
2011 5767 2 36 88
8943 4739 1 15 147
2253 9331 2 1 2
7907 3947 1 64 151
1126 4626 1 12 134
11107 10530 1 16 199
4253 7749 1 7 42
2662 7091 1 9 107
10012 5772 1 11 73
7905 8031 1 15 154
916 8593 1 2 8
11216 6507 1 4 63
6338 1369 1 6 92
7992 8065 1 177 245
1509 2107 2 84 699
8617 989 1 5 49
4751 8943 1 4 45
1501 6214 1 18 87
2692 10975 2 19 123
11194 10510 1 59 145
11239 2427 1 61 101
2363 7419 1 3 33
1304 6400 1 10 53
1473 10075 2 5 19
9443 2152 1 2 25
10123 1509 2 2 24
5735 1950 1 100 249
10177 9490 2 1 22
5885 1871 2 54 370
10277 5518 1 21 183
4626 9102 1 4 65
6380 9378 1 11 82
10984 6813 2 3 19
6391 9381 2 4 22
9608 2028 1 22 164
5619 10133 2 2 35
1518 2075 1 8 101
4452 1247 2 6 64
10601 11075 1 5 72
8337 5400 1 6 34
4482 1170 2 1 17
9031 4709 1 25 154
9111 474 1 15 109
5869 1865 2 5 74
5899 9824 2 2 34
8774 8863 1 5 75
5927 6959 2 11 27
7410 2271 1 4 22
8667 7851 1 1 25
11126 10094 1 9 84
5885 2861 1 21 297
7981 4905 1 7 98
5654 2616 1 26 98
3391 10343 1 1 18
1793 10840 2 3 14
11165 2146 2 3 47
1237 4419 1 6 72
8817 7981 1 11 163
7765 539 1 13 85
1504 2598 1 1 19
8018 8863 1 7 91
7316 2152 1 8 124
547 3723 2 11 64
10140 11194 1 3 47
7304 10148 2 12 104
10918 9906 2 2 17
6501 9347 2 12 140
9754 2881 1 45 170
394 3584 1 9 89
1619 2743 1 25 205
10229 11253 1 11 119
10343 3349 2 5 83
423 3586 1 3 30
4899 3892 1 5 75
4901 7975 2 12 123
5831 2753 1 5 69
3447 8342 1 9 130
9729 10731 2 5 78
11290 6302 1 1 15
10847 1744 2 16 101
7982 4853 2 9 119
1619 2606 2 16 137
10488 1490 2 23 223
10094 7294 1 4 54
2835 5806 1 23 168
10130 3256 1 3 18
5053 8220 1 6 92
8262 9080 1 19 192
4253 1024 1 9 74
4497 3419 1 2 15
2835 9682 1 2 27
10343 3313 1 14 122
5991 10880 1 2 40
7166 6056 1 26 320
10277 11330 1 9 118
1518 2487 2 17 118
5539 6457 1 65 91
4707 7846 1 1 11
7815 8615 1 16 33
5063 8237 1 5 77
5438 6576 1 30 223
5888 10697 1 1 22
953 4000 1 15 125
909 8030 2 13 182
6531 9521 1 14 114
10720 1814 1 13 137
6445 1396 2 3 54
7252 6324 1 10 69
11241 2090 1 40 56
6192 11216 1 2 28
3301 10094 1 7 68
6842 5685 1 11 163
4923 3795 1 26 135
7085 6165 2 7 63
2215 11126 1 16 94
9699 10609 2 6 57
7535 8518 2 1 14
2772 5663 1 18 154
10975 9818 1 2 29
6108 2935 2 19 119
6626 1292 1 7 66
8789 7824 1 10 78
5806 2606 1 2 26
5086 8008 2 75 105
7241 10282 1 2 14
5852 10682 2 1 16
7091 9830 1 9 37
10697 9800 1 11 166
7394 6224 1 2 33
1349 2546 2 19 233
1367 2593 1 3 10
139 5155 2 73 219
6380 11165 1 17 145
4463 7663 1 11 101
10140 11320 1 22 114
5572 6430 2 1 3
8824 3758 1 2 29
10295 11192 2 18 219
8593 7930 1 37 162
3447 4560 1 17 248
6055 6998 1 14 155
10534 1360 1 6 76
7643 4465 2 12 140
10731 1575 1 6 71
1063 4320 1 2 19
9588 10737 1 6 88
6256 7452 2 8 119
7561 490 1 5 27
4680 7917 1 17 121
2114 11238 1 27 290
7340 10122 1 46 241
8858 8159 1 3 42
8213 5025 1 8 74
2315 3243 1 16 223
7257 10208 1 18 210
4766 7960 1 8 93
81 5169 1 4 17
3205 10345 1 5 17
6654 1371 1 4 67
2393 1396 1 9 53
9723 6707 1 8 89
8030 915 1 6 69
5803 10667 1 38 257
8469 3488 1 39 154
4855 3786 2 7 75
8285 5329 1 7 82
7907 4766 1 6 86
7941 4684 1 4 33
4795 7926 2 4 21
8237 8858 1 10 63
9872 7096 1 3 45
4288 1181 1 26 134
9800 6745 2 2 27
5959 7197 1 13 186
7917 8664 1 101 239
909 81 1 6 52
11090 5961 1 15 160
1204 4180 1 2 39
9851 7191 1 7 97
8685 7906 2 7 73
2414 1422 1 3 54
10503 9392 1 3 37
8226 8882 1 19 115
3834 8653 1 57 227
9381 10540 2 5 33
4756 7905 1 16 78
11273 2141 2 9 111
10138 3353 1 11 125
8351 7709 2 4 39
3671 766 1 12 116
3205 10279 2 9 74
10260 3226 1 7 74
5472 2551 2 2 34
4911 7728 1 4 45
1422 6850 1 3 43
5232 8057 1 6 64
7190 10322 2 1 20
5269 81 1 23 321
6941 1501 1 15 108
4657 7992 1 24 120
415 3805 1 5 74
1814 6665 1 28 212
9230 187 1 3 31
3647 8806 1 9 132
47 1063 1 7 55
1509 2880 1 16 179
7782 319 1 3 47
5511 2679 1 5 40
5492 6802 1 13 158
7771 266 1 2 33
3301 1994 1 11 82
1763 10577 1 17 229
8088 1108 1 19 58
1545 10379 1 6 65
4918 3607 1 22 226
2589 9740 1 5 37
2498 9717 2 5 62
2141 7085 2 14 30
9793 6648 2 7 53
363 3765 1 16 166
2694 5537 1 4 56
8190 5317 1 21 176
3094 6410 1 15 186
1662 6519 2 1 17
5016 8300 1 8 108
4419 8998 1 10 105
8071 1122 1 4 50
9225 173 1 27 332
9073 44 1 11 113
336 7859 2 17 118
6165 11261 2 3 34
5202 8096 1 6 83
25 9156 2 1 7
9886 11114 1 7 68
9646 10379 2 6 32
5232 138 1 42 289
3996 9076 1 18 126
3103 10208 1 7 67
10575 9710 1 6 61
5993 11102 1 7 99
4372 908 1 57 212
9710 2579 1 11 157
10975 2277 1 9 133
2098 2969 1 16 224
3244 1835 1 8 107
9539 6854 2 25 71
9830 11171 1 22 204
6467 1619 2 2 32
6410 7120 2 1 16
2520 1793 1 23 168
6738 1374 1 23 180
4707 3476 1 6 39
7975 8504 2 10 94
7452 6112 2 13 186
2764 1473 2 10 58
1518 10768 1 38 194
705 7734 1 16 105
2511 1818 1 27 207
10905 10177 2 107 606
8179 1243 2 26 154
9682 2576 1 31 347
3892 4551 1 4 57
6446 5772 1 24 202
1483 6863 1 130 712
9675 2574 2 94 130
137 5209 1 2 28
6691 1704 1 12 120
7334 2046 2 2 15
7381 9994 1 1 17
1845 7316 1 4 59
2237 3102 1 23 144
19 5298 1 135 845
1838 7301 1 8 60
6871 1490 2 17 200
7030 10154 1 32 144
3922 398 2 24 109
3243 1858 2 1 4
7291 1852 1 10 89
1396 2879 1 8 113
2056 7349 1 10 112
10208 11090 1 19 133
6430 5790 2 2 6
5758 6469 1 3 46
2689 1474 2 3 32
9322 10728 2 1 25
2940 10276 1 4 36
2783 5465 1 21 204
3322 9848 1 6 83
9646 10573 1 5 19
1647 6672 1 1 12
3555 4707 1 3 32
2261 10904 1 8 51
11192 10035 2 3 23
9682 2345 1 3 49
187 5232 1 10 71
1220 8089 1 11 56
1208 3982 1 2 29
9512 2689 2 1 21
3780 520 1 6 69
3891 8449 1 29 121
3130 10198 1 19 141
2028 7270 1 5 67
2743 1509 1 12 149
8615 3591 1 23 93
1172 8046 1 3 53
5825 10396 2 4 63
4208 8939 1 6 90
9995 3253 2 2 31
11342 6011 1 12 154
10021 7270 2 14 58
9766 2409 1 4 27
2976 6419 1 6 85
11126 1994 1 6 69
10918 2315 2 10 33
7940 4513 2 1 11
9675 6481 1 8 64
3216 6152 1 6 51
6304 2935 2 1 20
3891 338 1 14 95
10219 7000 1 1 14
10702 1469 1 15 48
8449 3875 1 3 35
9848 7340 1 15 105
9300 3987 2 5 57
6134 7304 2 10 90
173 5202 1 5 73
3459 668 1 12 54
5189 8185 2 1 8
7782 4571 1 20 261
5668 10517 1 10 91
325 3913 2 3 22
10236 6998 1 7 95
10975 6252 2 2 26
7879 336 2 7 103
10609 9512 2 22 152
238 1072 1 15 78
300 3922 2 16 143
1141 99 1 5 42
6719 1467 1 6 75
1867 11342 1 6 21
3948 1187 2 3 29
2832 9378 1 11 149
558 3610 1 1 4
8253 5209 1 20 137
8026 5418 1 11 44
2576 9558 1 132 837
5457 10847 2 14 111
5732 6607 1 6 82
4419 796 2 5 45
1049 8198 2 135 288
6594 1683 1 9 88
10540 9592 2 1 15
10166 3032 1 17 196
1210 8061 1 8 65
1865 3343 2 27 203
2935 10319 1 55 96
2598 1543 1 70 140
5400 8022 2 2 33
7561 4859 1 6 83
4633 7782 2 2 6
3565 638 2 9 110
8084 5359 2 2 19
6798 1433 1 5 8
10768 1332 1 12 109
2352 5906 1 9 102
6708 5643 1 19 216
5825 3320 1 4 56
6356 2823 1 16 111
10792 6366 1 13 154
3375 9756 1 12 125
9493 3106 1 8 97
8928 7587 2 12 112
139 369 1 6 71
4011 334 1 9 126
1181 7907 1 1 11
7896 1179 1 10 86
4439 3933 1 8 99
7765 5196 1 17 71
2813 6324 1 4 52
2075 6720 1 7 69
2246 2764 1 1 2
6732 2068 1 3 51
8420 137 1 6 51
2056 6654 1 2 23
10697 10140 1 23 112
10961 1351 1 14 146
71 4520 1 17 170
10286 6941 1 6 94
6884 2326 1 26 172
2267 2868 1 13 156
6934 6380 1 4 62
10287 6954 1 7 99
1266 2953 1 1 10
9824 6530 1 2 14
2698 6202 2 14 192
10915 5431 1 11 156
2606 6241 2 1 19
10961 5472 2 17 144
2050 2511 1 8 56
10905 5544 1 1 20
8939 7696 1 6 77
9818 6534 1 13 164
3320 9765 1 48 250
5504 10880 1 11 125
3987 4424 2 2 34
1683 11146 1 15 154
9499 7096 1 16 218
7301 5705 1 7 80
6658 9924 1 4 58
5837 11330 1 11 136
8265 8586 1 13 84
5772 7265 1 4 49
7799 9167 2 9 21
4424 8106 2 5 22
5596 3051 1 9 99
4215 4795 2 5 35
6607 6176 1 5 72
8260 4714 2 1 8
624 4177 1 17 200
8089 8337 1 3 34
7417 5803 1 38 211
831 7587 2 3 25
8662 4177 1 6 76
8583 4283 1 53 276
11015 1468 1 1 4
7355 9785 2 25 298
5359 7955 2 4 45
1744 11309 1 10 95
1085 7786 1 9 110
908 3649 1 50 475
102 8336 2 1 22
4320 4918 1 12 79
6720 10179 1 9 129
3880 9214 1 1 14
11075 1420 1 10 143
11188 5674 1 15 189
652 4180 1 9 47
9828 2446 1 1 14
9806 6583 1 9 111
3253 1796 2 5 70
9188 7982 1 50 127
10231 2633 2 9 132
3102 9395 1 35 230
6802 6385 1 18 77
5511 7159 1 11 162
6975 1417 1 6 80
2021 6515 1 19 253
6654 9872 2 11 155
2823 6258 1 5 43
1272 10990 2 30 144
3349 9634 2 1 17
8149 300 1 12 125
7148 5518 2 2 25
4270 725 2 6 34
7948 1122 1 12 118
7213 5818 1 1 7
2616 2261 1 24 185
4657 94 2 2 11
1367 3113 1 19 72
1398 2940 1 6 46
6385 10687 1 15 93
5803 11146 1 13 133
60 8469 1 20 138
2146 6934 1 11 161
376 4092 1 1 9
6824 6345 2 19 192
8313 4850 1 34 48
7123 5516 1 4 37
2546 1838 1 12 170
9026 7535 2 3 15
10682 6312 1 16 107
4551 8071 1 9 78
10670 10236 1 1 22
5465 3130 1 12 172
6384 2625 1 14 75
2326 2668 1 21 230
9159 7876 1 6 86
423 8084 1 1 22
1793 7257 1 22 233
10319 10609 2 4 23
5453 3095 1 23 330
331 156 1 3 29
9351 3103 1 11 92
6214 6938 1 12 118
7058 9487 1 1 16
10179 10768 1 5 73
5159 7545 1 17 170
1422 10915 1 8 118
8190 360 1 6 75
5852 11126 1 4 60
10670 10219 1 4 57
7282 9717 1 17 80
2446 6049 1 18 219
10419 9966 2 12 21
7734 8826 1 6 39
8253 4428 1 12 95
4247 4850 1 29 260
10035 6467 2 6 43
7896 9159 1 14 90
3018 5550 1 7 82
3775 1153 1 13 102
132 8464 1 11 141
6697 6423 1 42 281
10456 9938 1 24 95
1921 2503 2 2 36
5186 7992 1 50 259
6273 10433 1 3 25
7301 5516 2 27 219
9267 7688 2 3 26
2895 1545 1 5 61
967 3875 1 5 65
10727 1950 1 11 109
9327 3147 2 1 18
7604 5302 1 5 79
7099 9682 1 4 31
6003 6802 1 42 122
1762 7167 2 25 93
5457 7220 2 8 102
1714 11026 1 9 97
11075 5924 1 14 105
487 4358 2 2 28
1332 7291 1 27 132
10647 9848 1 20 122
133 616 1 9 70
11309 5646 1 10 56
6531 2195 1 24 174
11152 9345 1 2 32
156 4859 1 18 239
2333 6657 2 1 1
698 8145 1 3 44
7569 9190 1 70 97
6103 6836 2 3 38
6467 2107 1 26 322
9531 7417 1 9 94
6671 2281 1 12 82
2940 1662 2 6 46
7163 9696 1 7 67
796 3751 1 6 74
3603 1257 2 4 56
5126 3798 1 6 42
1234 3584 1 6 80
6975 5740 1 29 221
3688 850 1 112 156
3587 1237 1 4 57
1322 11107 1 8 107
911 3874 2 31 334
6792 5954 1 16 113
3722 8930 2 12 53
10618 5990 1 30 232
3607 1147 1 18 86
7728 1182 1 22 202
10745 2010 2 5 30
7926 973 2 2 5
6938 9966 1 11 71
6082 10804 1 6 75
6671 2246 1 12 154
1911 6708 1 2 29
5646 3320 1 3 49
5071 7940 2 2 35
7317 9368 1 25 50
8220 8702 1 12 89
5511 3151 1 14 109
4863 4072 1 3 43
7441 9437 2 27 79
2326 10488 2 12 16
4250 8351 2 6 52
10668 5967 1 15 217
7930 5139 1 9 78
995 3805 1 6 82
8408 4216 1 106 499
6975 1640 2 3 53
1108 3436 1 10 25
2477 2333 2 58 158
9412 7226 1 6 91
9761 7120 1 10 61
10035 2766 2 9 46
5596 3205 1 4 38
5504 7417 1 9 115
10231 10377 2 5 56
9823 2764 2 1 15
3213 1483 1 31 441
8288 493 1 11 86
2021 6798 1 4 32
8088 4863 1 21 131
10286 10419 2 19 201
4833 48 2 7 55
10492 10075 1 8 46
11313 9395 2 6 83
5182 7635 1 19 207
11230 9322 1 4 30
7123 5705 1 69 157
3003 9782 1 27 150
3016 5888 1 6 55
510 8302 1 9 106
4901 8070 1 2 20
33 668 1 14 184
4899 8071 1 3 53
3262 1522 2 1 20
10094 6626 1 14 161
5507 3391 1 4 57
11099 5572 2 6 61
1986 10618 1 10 112
11090 5740 1 6 72
7085 9754 1 47 109
6192 2520 1 17 182
1386 11290 1 3 38
2856 1917 1 14 207
10322 2430 2 2 28
10405 6304 1 20 175
9069 3591 1 1 15
11320 1285 1 6 77
7000 9765 1 339 470
1187 3412 2 1 7
2189 2520 1 5 72
7252 1504 1 3 15
10369 6384 1 24 88
733 8030 1 2 30
5032 3834 1 269 1891
6650 10072 2 6 86
7091 1624 1 2 28
5758 10984 1 4 63
3447 1257 1 44 183
2057 2646 1 3 45
6697 10012 1 3 42
6672 10122 1 20 200
1374 11257 1 2 26
668 94 1 18 215
9488 11191 1 9 59
3397 5465 1 6 36
2513 2141 2 1 2
8124 4824 2 20 180
3631 1063 1 10 58
1545 11072 1 9 74
151 8662 1 1 10
10034 2609 2 4 55
8662 8156 2 23 183
10530 10154 1 11 100
8237 8587 1 18 189
3710 953 1 69 561
2148 6616 1 11 91
6698 2057 1 4 43
6702 8580 1 8 78
3122 5159 1 23 148
7826 5750 1 8 89
5537 3520 1 42 305
8363 2364 1 9 111
10495 409 1 5 38
1122 7317 1 9 117
4358 2265 2 11 102
973 7190 2 4 25
3371 1204 1 22 112
7709 1474 2 1 8
8770 10816 1 51 134
7771 5668 1 1 25
7824 9633 1 4 63
7831 5730 1 4 56
11122 9057 1 12 142
10682 4795 2 2 25
1371 7569 1 4 38
5241 11192 2 10 140
3505 1386 1 54 595
6070 8179 2 5 41
9487 3565 1 7 42
1369 7561 1 3 49
5635 7689 1 15 177
3824 5831 1 2 32
8495 10516 2 8 44
7000 8834 1 13 111
3607 5635 1 1 10
1243 11284 2 11 65
4372 6399 1 5 56
5295 11169 1 1 7
9966 159 2 23 44
4000 1921 2 7 92
5302 3213 1 8 61
1835 8053 1 7 99
1755 3913 1 3 42
9265 3397 1 2 36
2766 733 1 8 114
3171 1102 1 12 96
2727 558 1 1 9
8702 2832 1 10 139
1257 11257 1 12 156
6302 4372 1 10 83
9938 4113 1 25 238
8649 2609 2 6 52
4709 2694 1 5 54
3081 987 2 1 10
4439 2415 1 13 186
458 10576 1 16 170
10510 511 1 39 207
6760 4766 1 1 21
7635 9499 1 43 216
8070 1845 1 2 12
7859 1582 2 1 6
1280 7562 1 10 55
4747 6719 1 4 38
10618 656 1 25 137
7545 1349 2 2 26
6882 4833 2 9 55
9096 11169 1 22 211
10647 624 1 7 52
3320 1187 1 19 134
4063 2051 2 6 93
5317 11324 1 8 78
8174 9994 2 5 33
11330 1153 1 13 44
1856 91 1 19 226
1160 7423 1 2 40
1265 7604 2 14 161
415 10575 1 6 49
6046 8008 1 11 110
8106 1856 1 12 147
7516 1420 1 14 186
456 6499 1 1 14
9349 3550 1 10 118
9994 71 2 2 26
3028 4947 1 4 59
5877 7831 1 49 68
11290 1085 1 21 183
6515 8531 1 4 39
3095 4999 1 8 80
1715 3710 1 3 32
1495 3498 1 2 33
4633 6531 1 33 278
536 6836 1 41 56
1400 7516 1 30 206
5967 8194 1 16 205
8288 6419 1 1 19
2326 8300 2 27 287
6022 8253 1 23 136
3330 9095 2 16 104
5539 7709 2 17 104
2551 362 2 3 30
1582 7879 2 1 8
7316 1210 1 1 21
10566 336 2 5 63
7561 1501 1 24 109
6103 33 1 24 298
8061 6070 1 5 56
1027 7395 1 22 79
6576 474 1 5 70
5197 7395 1 14 153
10282 4188 1 217 301
4285 10292 1 6 73
1250 3213 1 1 21
10345 4253 1 15 134
10332 4244 1 108 698
9413 3631 1 30 217
9188 3343 1 105 146
7636 1304 2 1 11
2189 4358 1 29 211
6120 139 2 130 184
581 2753 1 2 30
8176 9823 2 1 3
11320 1106 1 24 132
3226 1243 2 14 110
2960 1006 1 17 189
6072 8042 1 6 58
3353 9065 1 6 44
362 6615 2 26 246
6055 8071 1 26 115
1237 7241 1 6 85
5459 7708 1 5 75
10760 644 1 1 7
10804 4684 1 3 19
11207 1182 2 21 89
4512 6615 2 4 52
1624 3824 1 4 29
9272 3144 1 20 28
6607 8438 1 5 80
8914 3075 2 9 85
4797 10760 1 1 5
5369 11194 2 10 123
3775 5837 1 8 79
1234 11152 1 14 89
6648 4443 2 16 218
1153 3216 1 21 128
4796 6850 1 35 228
11063 823 1 13 123
531 2861 2 1 25
2430 449 2 2 32
5331 3262 2 16 198
3786 1704 2 13 191
4443 6691 1 4 56
2566 8369 2 16 132
3982 1977 1 3 49
3343 9096 1 15 162
8586 6918 1 13 88
7291 9230 1 3 52
2625 4905 2 6 80
8022 10034 2 3 40
10904 9002 1 2 30
5416 7213 1 7 68
989 2895 1 3 44
265 6702 1 7 77
2969 5252 1 17 69
5568 3824 2 4 35
8262 5991 1 3 31
4545 2753 2 4 42
6469 558 1 3 36
9149 2967 1 16 139
6959 5189 2 7 30
8246 6410 2 9 126
725 10541 2 7 32
7562 9619 1 73 101
3249 5037 1 8 97
7417 967 1 36 276
5492 3751 1 4 56
6824 361 1 109 152
4250 9886 1 7 78
5210 7021 1 4 50
10341 238 1 3 51
2418 4756 1 4 36
6338 4092 1 13 181
5032 7280 1 11 47
4795 2430 2 5 58
7971 1467 2 4 56
7734 1762 2 5 36
6040 8285 1 2 18
7351 916 1 7 58
1322 3775 1 33 322
552 10396 2 10 114
5249 3018 1 62 86
539 2393 1 2 33
4074 10229 2 1 3
7395 5053 1 12 167
3256 849 1 23 133
7885 9476 1 1 22
10369 8607 1 27 116
8411 10702 1 26 180
2577 698 1 5 45
1126 7030 1 7 86
1285 7836 1 15 150
2537 4923 1 37 240
8504 10847 2 12 60
8681 6500 1 16 232
2503 740 1 32 451
6959 9149 1 9 137
4593 6934 1 3 42
7532 9645 1 14 69
91 2075 1 16 133
10687 4463 2 5 52
8834 3244 1 3 52
6311 8224 1 24 109
3032 9283 1 12 81
7838 5484 2 8 63
7351 5139 1 14 184
9395 7765 2 5 55
7334 973 1 12 119
3353 923 1 8 64
10746 507 2 14 195
5383 11024 1 3 42
7951 5587 1 16 113
725 6615 1 15 103
7058 9065 1 13 115
8347 10707 2 1 18
77 2108 1 20 255
9740 3588 1 1 9
2152 8061 1 8 96
2271 192 1 2 19
1182 11040 2 14 68
9171 10872 2 1 3
7138 9265 1 8 111
10276 8211 1 3 20
6665 8667 1 7 70
6022 4401 1 7 102
3144 896 1 3 37
1006 3262 2 6 56
10948 5425 1 21 154
11158 8973 2 1 18
668 10367 1 105 146
7960 1322 1 24 109
3610 5758 1 4 44
4063 10074 1 2 17
1994 4215 1 8 77
2108 8190 1 3 49
10072 4072 2 8 70
2279 4022 1 16 23
7685 1647 1 10 152
5906 3498 1 2 23
8567 6799 1 31 193
10075 8176 2 11 58
7876 1292 2 18 164
6799 4650 1 7 68
4733 10473 1 4 42
2471 4880 2 4 52
8844 7386 1 1 4
10374 8734 1 14 97
6507 8817 1 12 79
9484 3671 1 11 155
9225 6997 2 2 26
9539 3744 2 7 67
2571 552 2 22 273
6457 8778 1 10 81
7148 1009 1 3 7
929 11207 2 1 17
3798 9392 1 20 151
2140 4049 1 8 117
231 2108 1 11 91
3102 5192 1 2 19
4797 2526 1 1 14
7941 9322 1 11 164
511 2662 1 9 106
6268 8145 1 9 65
10701 458 1 1 23
9267 2902 1 1 12
5685 7696 1 6 51
5331 2960 1 6 64
7836 9443 1 7 43
11063 5197 1 13 156
6227 4154 1 5 56
6258 186 1 8 49
4532 10746 2 2 10
2155 191 2 34 246
2279 44 1 1 27
2281 3967 1 5 49
1943 4320 1 56 298
8034 2273 2 7 25
11261 858 1 2 23
6954 8341 2 4 30
5537 7885 1 8 44
2593 547 1 4 37
4007 2244 1 9 128
8411 2783 1 3 54
10208 8124 1 5 59
3750 9486 1 9 90
3675 9531 1 8 76
10312 8034 2 3 32
11257 5016 1 3 30
1266 3914 2 4 39
6616 8650 2 8 54
6702 8567 1 1 9
9349 7975 1 61 213
8011 10338 1 15 122
11122 4709 1 6 75
10170 7838 2 15 147
8856 6483 1 21 144
7423 8774 1 31 277
11253 701 1 8 84
5053 6594 1 8 54
4796 3256 1 10 97
3731 2148 2 7 105
6658 5126 1 8 57
5431 3947 1 10 128
7814 2155 2 1 20
11072 4675 1 2 38
2589 987 2 2 35
638 7322 1 4 42
4833 3278 2 1 10
10532 5155 1 36 368
1038 10602 1 6 73
3051 4610 1 21 104
7317 8653 1 3 53
8194 5568 2 3 36
7046 8446 2 3 38
5126 6671 1 13 171
2050 7689 2 11 115
8023 9381 1 13 47
2409 5035 1 11 118
511 7166 1 12 170
4670 3095 1 5 52
2932 4452 2 4 55
11191 4756 1 19 155
8246 1468 2 9 135
3531 5990 1 15 75
1950 7688 1 5 69
10338 7917 1 5 47
2037 7635 1 16 107
8469 7148 1 4 48
10576 916 1 9 86
5001 10369 1 5 62
8187 1504 1 2 16
3046 4626 1 4 47
7132 4657 1 27 289
1473 159 1 10 81
3243 4680 1 15 210
7776 10141 1 16 86
9850 3488 1 13 81
7236 8685 1 5 49
9255 2835 1 4 49
7955 10283 1 1 26
7071 265 1 3 20
9558 4283 1 91 1175
6444 8914 2 6 60
1871 3505 1 15 51
8224 9484 1 4 28
186 5599 2 18 177
1072 10668 1 15 186
325 10905 2 28 230
3343 4853 2 9 97
5190 2743 2 15 143
9490 8198 1 17 238
5317 2869 2 4 29
7563 2015 1 5 47
4670 3009 2 16 163
6836 5182 1 4 51
8531 2967 1 5 31
9111 10768 1 5 49
9476 8044 1 8 113
9188 10840 1 11 156
9789 8313 1 1 14
8414 7159 2 3 32
8649 7441 2 5 66
11073 8438 1 5 76
9021 10456 1 10 143
3591 5959 1 1 13
7402 4747 1 13 181
8758 7257 1 14 81
7310 8817 1 11 97
7213 685 1 4 46
5425 10702 1 1 17
10779 5212 1 13 91
1542 4321 1 3 43
6842 5192 1 5 45
2273 7836 2 5 43
5086 6434 1 1 9
7265 8734 2 4 60
8775 7282 1 7 105
8096 9537 1 51 70
7786 6302 1 51 295
9102 10737 1 11 115
9486 8023 1 4 49
3151 690 1 4 67
7799 2220 1 15 121
7257 4824 1 8 82
8179 9349 1 3 49
7167 4542 1 13 85
3688 2246 1 4 47
4351 9646 2 1 14
8034 9443 1 14 52
4552 6997 1 18 111
7120 8336 2 4 57
3046 313 1 8 123
3635 5993 1 1 25
6041 3631 1 13 182
6708 9231 1 14 155
2082 7896 1 12 172
8911 10575 2 34 56
6324 3680 1 31 299
3607 6041 1 6 45
11241 8607 1 5 76
5426 2689 2 7 34
7826 6400 1 43 323
4739 7351 1 17 63
8341 7123 1 21 134
7417 8664 1 12 60
3874 6276 1 2 28
6049 3459 1 12 86
7150 4542 1 7 93
9156 10836 2 1 19
10686 9298 1 1 26
9169 10823 1 3 48
6400 3766 1 4 24
2976 493 1 1 19
850 6671 1 3 46
4850 7220 1 3 26
3349 8681 1 3 51
3209 8824 1 4 52
10256 3685 1 8 89
9327 196 2 9 30
5197 10806 1 21 165
7960 2094 1 98 209
7226 4884 1 12 175
10810 9073 1 16 103
8420 3046 1 7 99
8863 2574 1 22 212
4689 11290 1 5 34
4885 11122 1 13 55
8587 11313 2 6 29
4880 3147 1 1 22
1467 25 2 1 7
3996 1398 1 1 21
2969 415 1 18 206
8342 11056 1 7 108
1755 4206 2 13 155
9283 6698 1 15 97
317 3130 1 6 72
6998 4673 1 1 17
8220 9375 1 13 71
701 11171 2 2 19
10990 376 2 27 262
1704 8316 2 20 106
8543 10908 1 53 74
5818 8262 1 1 8
5210 10804 1 3 44
7144 8365 1 18 250
8363 7148 2 2 30
7906 6256 2 3 31
7443 8583 1 23 177
10737 1126 1 2 27
6706 5422 2 4 43
6519 928 2 8 70
9283 6732 1 9 86
9708 8285 1 1 12
6003 3587 1 17 52
644 11228 1 1 9
8183 9729 2 6 70
2835 969 1 1 15
3751 6003 1 5 60
3798 9924 2 3 39
99 9634 1 1 13
10510 5369 1 4 49
10435 5251 1 1 17
11228 4549 1 1 4
10577 5423 1 14 196
8342 11102 1 4 58
4923 3135 1 26 148
6499 1038 1 5 19
3436 10072 1 12 121
2430 5241 2 8 59
1662 3996 1 2 28
4452 11158 2 3 35
7046 4792 1 3 32
2459 5255 2 2 20
4965 2668 1 7 89
9828 3723 1 5 28
2943 4707 1 4 59
8734 10984 2 3 45
1971 7876 2 7 65
3548 10283 1 1 21
2747 928 1 1 19
3588 10231 2 1 3
5053 10779 1 15 144
2953 4689 1 3 49
1936 3750 2 10 138
1605 8002 2 1 8
10727 8998 1 18 124
66 9671 1 9 106
3244 4452 1 6 32
1243 2513 2 4 63
9165 10374 1 1 23
11238 8548 1 21 302
1194 2477 2 2 34
2195 3459 1 7 92
5212 6556 1 8 50
5298 6491 1 23 329
4283 9354 1 6 32
4141 9723 1 5 61
5001 2625 2 10 109
7632 10292 1 6 69
7652 10338 1 5 58
7220 8414 1 66 92
7948 6055 1 8 51
8145 9764 1 9 91
7579 6184 1 2 9
7926 2046 2 12 118
3680 6036 1 37 523
6500 5268 1 14 145
5197 6556 1 10 115
9753 4080 1 14 192
7167 705 2 9 110
3152 4512 1 16 222
11324 8464 2 6 88
2244 7685 1 12 79
9202 2577 1 6 77
5735 65 2 6 41
716 11063 1 19 126
6300 7728 1 12 100
1986 7960 1 7 67
6399 3555 1 14 146
4049 5920 1 16 230
2424 9087 1 9 111
3103 8758 1 22 203
5431 4288 1 15 162
7663 6385 1 17 104
7150 705 1 6 74
11216 8565 2 3 39
9255 10532 1 5 76
1102 10382 1 22 119
9146 6648 1 6 58
8543 3244 1 9 100
2692 5132 2 1 26
5516 4390 2 8 65
10792 4999 1 9 13
3032 8578 1 8 69
7096 536 1 15 199
6434 1141 1 3 54
4247 1476 1 3 46
4314 1265 2 6 48
5038 2879 1 7 63
8565 7310 1 8 70
1583 4104 2 3 45
7144 614 1 11 116
3967 1714 1 2 29
2766 4944 1 16 223
6773 966 1 7 44
5250 2562 1 7 95
1361 4406 1 30 312
2868 5035 1 11 102
915 10601 1 2 30
2869 852 2 6 53
10746 823 1 22 161
2698 5169 1 21 180
1469 8288 1 6 90
3531 2289 1 16 185
523 11020 1 10 97
1400 4215 2 2 14
526 11024 1 11 123
10746 837 2 7 28
5572 4187 2 88 730
7099 8605 1 17 240
4792 3094 2 7 33
11152 394 2 5 78
4000 5885 1 21 296
2345 9255 1 7 27
2427 1223 1 31 206
10456 9283 1 18 145
568 10994 2 2 41
8211 1662 1 3 34
9345 4328 1 9 114
99 5891 1 16 177
2114 3545 1 36 178
10806 8835 1 5 58
2562 9073 1 8 51
8881 6954 1 10 126
7688 10074 1 40 334
5037 6858 1 10 87
2520 9188 1 11 157
5423 6501 1 12 74
4113 5660 2 10 98
10492 1102 2 2 40
1398 8260 2 24 92
8548 7226 2 20 28
7021 8823 1 8 87
9723 137 1 7 110
3397 317 1 18 86
3534 2150 1 49 134
8194 9650 1 7 50
91 9675 1 19 147
1818 47 1 9 97
1469 4208 1 10 131
10836 4947 1 9 126
2512 5249 1 15 128
6481 5383 1 68 101
523 11073 1 2 34
2140 7666 1 5 68
2002 7831 1 12 87
2277 7532 1 1 22
398 7301 2 8 102
8276 9488 1 40 56
2195 3548 1 30 221
2511 5240 1 11 133
8053 5877 1 3 48
4944 2880 1 14 75
3320 8414 1 20 291
915 2698 2 2 17
2155 3579 1 48 216
10789 842 1 14 198
6152 7776 1 2 33
8198 7144 1 2 33
8650 9633 1 25 54
10840 7982 2 12 99
4827 9699 2 4 19
2659 3718 1 22 287
766 5906 1 3 34
7851 2723 1 6 71
10804 7941 1 3 20
2820 7941 1 20 47
2466 3531 1 7 104
9102 6214 1 15 109
4187 11099 2 4 22
5660 8578 1 150 222
10283 5359 1 2 15
2680 7826 1 11 55
7975 10847 2 5 59
4549 9461 1 1 16
6256 5269 1 9 95
11024 8194 1 19 40
1798 8809 1 5 81
2057 9021 1 30 122
5705 566 1 3 21
3106 8213 1 7 77
906 6105 1 3 21
4216 11101 1 4 54
10934 132 1 15 160
1640 604 1 15 163
8046 6959 1 14 145
1153 10277 1 9 130
4328 3301 1 6 85
1441 4575 1 7 39
6040 4995 1 1 8
10728 7916 1 4 47
4372 7443 1 17 245
4285 3209 1 2 27
449 1400 2 1 21
4154 11063 1 4 43
9782 4885 1 42 136
6227 5197 2 19 155
2333 1194 2 1 4
1665 4733 1 5 78
5038 1867 1 7 110
8414 5457 2 15 113
6836 7934 2 9 99
5518 8363 2 1 26
9255 10332 1 28 392
6248 9062 2 4 62
9824 5001 2 28 273
2140 1024 1 8 85
7728 10516 1 9 126
7814 6738 1 13 182
3766 2662 1 60 253
4774 5655 2 2 37
7167 186 2 1 17
526 9650 1 25 102
1170 10312 2 10 24
4575 9539 1 11 164
2068 9178 1 17 169
3412 2447 2 1 5
581 1624 1 8 120
8980 9995 1 6 93
7775 6813 2 2 18
9558 8679 1 30 301
10836 7886 1 11 100
6229 5250 1 4 33
6184 5295 1 3 17
10187 9062 1 9 116
2680 3725 1 3 21
376 1272 2 40 516
6361 5240 1 29 224
2151 1208 1 16 133
3644 2459 2 8 42
644 5900 1 1 4
8084 3106 1 16 164
474 1332 1 10 47
5298 10332 1 127 774
8065 7132 1 3 28
7775 10746 1 23 207
3003 8253 1 7 79
7106 3948 2 3 55
5071 9830 1 1 6
4263 11320 1 18 252
1247 10170 2 7 96
5155 6040 1 54 538
5877 8638 1 7 85
9002 1917 1 1 6
1490 325 2 1 14
9076 6300 1 15 143
1304 8504 2 81 113
3463 10504 1 18 168
6105 8856 1 2 17
3685 6871 1 28 99
2662 3824 1 21 117
5484 8492 2 5 71
2512 3419 1 4 54
6501 7643 2 38 165
8580 5818 1 5 47
8449 5619 2 1 4
2967 231 1 2 27
5422 6268 2 35 48
2273 1106 2 8 76
6254 9300 2 14 44
9371 8495 2 3 22
7587 2566 2 4 63
9272 10187 1 7 46
5186 2261 1 3 35
6410 5249 1 7 100
9378 4670 1 22 125
6483 7734 2 2 29
4288 3330 1 11 163
10540 3419 1 2 9
5459 8543 1 61 97
2388 3644 2 12 172
8723 1630 2 3 24
3075 8124 2 13 148
8979 9912 1 1 13
4947 9993 1 6 84
44 3122 1 21 201
4863 1542 2 3 32
4670 9375 1 32 372
10934 4063 1 10 91
4321 7282 1 8 119
9710 652 1 14 66
5550 4497 1 8 112
1420 334 1 9 42
7886 2679 1 4 35
9947 842 1 8 73
849 9928 1 11 131
9171 2253 2 8 70
10836 3716 2 5 70
953 1871 1 7 50
2679 7899 2 7 106
6046 5086 1 6 53
6011 8979 1 50 183
10728 7850 2 7 105
3744 6854 2 1 16
6 7197 1 26 272
422 9412 1 7 94
5251 10282 1 6 50
6314 9169 1 8 65
4714 9774 2 1 3
9717 616 1 84 249
9619 720 2 45 62
3716 2388 2 4 47
5132 2277 1 11 114
8174 7381 1 1 18
4684 9322 2 23 151
266 5668 1 1 21
7270 77 1 4 43
1181 1986 1 13 106
3744 6507 1 4 59
4905 9539 2 2 14
10573 3919 1 1 19
10504 7916 2 9 126
7765 6445 2 3 48
638 9425 2 7 64
5938 1027 1 6 78
7688 10816 1 24 156
5507 8681 1 8 48
5705 8341 1 21 217
6534 3786 1 18 164
9312 2021 1 1 10
6202 8881 2 1 13
614 5544 1 14 196
1831 1049 2 1 14
6056 1170 1 5 34
1647 8408 1 15 173
8369 5663 1 15 185
4513 5750 2 1 6
4401 7163 1 11 127
6997 4208 1 24 150
2546 3922 2 1 9
114 7294 1 11 160
2420 3671 1 7 107
9512 4827 2 34 84
9789 8504 1 10 137
9633 8337 1 9 59
6311 9002 1 14 161
2051 1172 1 3 37
5426 6108 2 86 119
3786 10405 1 13 116
5787 313 1 22 97
71 11114 2 2 33
9608 360 1 10 105
8185 11324 2 4 28
2859 3603 2 22 166
4188 10934 1 2 34
3723 2446 2 2 27
10419 3688 1 4 56
3913 10504 2 25 112
3731 2363 1 40 321
1210 6060 1 12 23
4571 1814 1 8 91
10333 906 1 14 107
2175 4944 1 73 426
5938 1110 2 65 259
1582 336 2 8 102
5643 4824 2 11 33
4364 11015 1 12 107
5900 4549 1 1 9
1110 5927 2 4 59
2002 1208 1 3 33
8149 7452 1 30 236
6419 8939 1 10 109
547 1367 1 1 24
9592 4497 1 1 9
1683 265 1 34 290
9299 6082 1 3 47
9080 6022 1 14 206
5126 6354 1 27 168
8031 11191 1 6 94
6773 3610 1 2 37
8041 7373 1 46 64
3322 48 2 13 140
313 9723 1 6 34
3353 8088 1 9 61
4512 5891 1 1 9
9994 9146 1 43 143
10516 3722 1 14 155
4011 7418 1 51 213
7166 4263 1 5 54
8664 9531 1 7 59
6938 3531 1 10 98
3317 8041 1 2 8
11101 8156 1 2 28
9906 9312 1 7 110
10286 850 1 14 130
317 1714 1 6 55
771 1371 1 17 99
11073 4285 1 16 131
5509 4880 1 7 102
8187 7252 1 16 23
6241 969 2 22 131
9650 511 1 21 212
3476 6922 1 63 88
8548 5790 1 12 106
720 1280 1 10 99
48 3278 2 4 58
6507 7981 1 6 91
2633 3588 2 1 8
9031 6273 1 9 45
2861 3505 1 20 126
187 11099 2 12 98
3094 4288 1 20 218
4626 5787 1 21 50
5295 10003 1 26 215
9785 331 1 9 134
3147 196 1 2 22
10003 9188 1 10 116
5730 4673 1 3 44
11114 8174 2 6 30
5869 363 1 1 9
4610 5786 1 1 4
2659 3649 1 76 607
8826 6356 1 12 77
3447 2859 1 10 64
8428 9708 1 1 4
4880 9327 2 2 27
9499 4680 1 22 167
9298 5967 1 36 50
9761 8336 1 3 37
7402 3948 2 2 30
3330 102 2 3 54
4859 1369 1 14 45
10379 3919 2 2 15
192 3253 2 2 33
138 11238 1 20 172
6616 7824 1 7 78
6771 3579 1 4 53
5269 6112 1 4 51
4428 9782 1 4 59
7930 6531 1 9 107
10133 967 2 2 11
7381 71 1 1 16
2326 4965 2 20 196
5329 6040 1 9 76
173 3226 2 18 73
9368 4899 1 10 62
4918 9351 1 6 52
8302 3051 1 4 50
8336 9793 2 29 180
5767 409 2 4 66
10720 3534 1 29 162
1796 8347 2 33 52
847 6345 1 16 131
8464 1665 2 3 31
704 5507 1 22 230
3878 2364 1 7 81
7280 8187 1 22 255
7545 6884 1 16 210
9065 1542 1 45 88
2577 238 1 5 70
6141 480 1 3 43
7696 7150 1 6 72
1280 796 1 6 52
5829 1179 2 26 151
10367 33 1 9 136
231 2579 1 13 125
6530 4007 1 13 20
3488 10915 1 16 171
7635 7096 1 1 8
11169 3765 1 1 7
690 2253 2 2 32
5383 9764 1 4 38
3922 7452 2 16 230
11146 3675 1 23 90
1374 5016 2 2 28
3216 7851 1 6 86
7916 11230 1 18 25
9461 8980 1 1 11
8002 6483 2 14 118
3635 11056 1 12 164
568 2098 1 22 156
5959 4439 1 15 52
2195 4751 1 32 204
1332 8932 1 36 213
1665 5240 2 80 112
8313 2680 1 47 288
8316 2692 2 3 27
3914 7410 1 1 21
5063 1436 1 8 42
8176 10492 1 7 104
394 2010 2 10 123
5790 5232 1 12 93
6276 8605 1 3 48
9178 1583 1 34 47
3343 7876 1 27 91
1436 9021 1 6 75
7166 7636 2 4 63
3229 7771 1 8 113
3113 3534 1 40 197
7532 3018 1 1 18
7838 3194 2 8 43
10341 698 1 6 81
141 6650 1 10 115
5418 1715 1 4 44
4180 6798 1 25 102
6556 66 1 3 46
10433 8011 1 4 51
1669 9102 1 7 70
8246 2512 1 8 121
6038 8365 1 4 40
566 6256 1 15 215
6 2446 2 1 14
7916 7419 1 2 28
3913 7363 1 1 16
151 10566 1 4 27
4675 6072 1 12 174
66 2424 1 6 81
2094 656 1 2 35
9756 1183 1 8 120
1864 325 2 22 131
10282 8770 1 1 11
5438 8932 1 8 115
10433 8044 1 16 121
8065 2418 1 9 82
766 6311 1 19 156
5037 9347 1 30 356
8433 10035 2 51 283
4208 6842 1 7 93
10534 77 1 4 40
9696 9080 1 10 105
1183 9608 1 7 106
9633 1220 2 20 126
1360 995 1 1 11
3647 7058 1 10 108
5190 5806 1 14 171
7419 3731 1 31 310
3914 3253 2 4 38
7696 2976 1 19 105
5954 394 1 3 27
9493 872 1 1 18
3151 7899 1 9 61
7190 7563 2 11 49
938 9412 1 12 87
10229 581 1 59 128
8607 10204 1 16 105
6615 8008 1 73 231
8018 10503 1 27 259
8145 6481 1 5 40
10530 3933 1 19 146
1816 5250 1 14 126
8057 2487 1 13 42
1852 422 1 16 55
6434 4115 1 47 210
7982 7257 1 68 207
196 2471 2 2 33
9026 9371 1 6 83
1575 1234 1 15 104
4092 6576 1 29 212
8531 5927 1 107 270
9437 847 2 1 17
7826 11239 1 24 208
10292 8586 1 16 188
4520 6108 2 10 97
114 6626 1 5 59
8775 10072 1 51 78
480 1831 2 3 22
6871 4281 2 7 109
3967 6658 1 15 130
4104 6534 1 5 65
4216 6882 1 10 142
4401 6707 1 6 59
2537 91 1 11 50
9782 9057 1 4 57
11257 7814 1 98 172
159 2466 2 8 63
1024 5920 2 12 130
10908 7708 1 24 97
5927 4656 1 13 193
7643 10961 2 2 24
4406 6696 1 24 84
4673 1835 1 118 164
6850 4278 1 3 55
11056 7545 1 14 143
10166 8719 2 5 72
7516 11075 1 41 132
6608 4011 1 1 17
4115 6500 1 7 45
8365 6141 1 3 43
4328 6792 1 10 66
2562 44 2 9 106
7782 11316 2 6 84
1433 8911 2 5 37
5025 9646 1 25 296
3718 2943 1 27 283
139 6824 1 14 103
7663 11245 1 40 116
11245 3587 1 7 72
4187 6430 2 54 624
338 6273 1 51 71
3579 7394 1 8 86
3419 3171 1 10 93
2471 4278 1 13 132
409 6300 1 19 146
7786 2942 2 27 249
4650 6423 1 1 14
5509 9146 2 5 55
7886 3028 1 54 109
487 6361 1 26 246
3919 11072 1 6 83
361 10148 1 2 34
3947 6760 1 4 43
7191 7948 1 9 102
9375 1027 1 12 152
10283 423 1 1 7
6423 8548 1 8 92
2969 3780 2 3 29
6038 614 2 11 155
2753 4074 2 9 58
490 10286 1 25 78
9190 1339 1 18 228
9095 9327 2 7 10
4278 2414 1 5 26
7899 3028 2 2 21
987 9740 2 7 69
10179 331 1 28 202
3725 10872 1 38 185
842 5772 1 9 86
3550 11273 1 21 174
10573 4351 1 2 15
5132 9793 1 4 48
4288 2414 1 19 185
3213 7604 1 5 58
5740 8914 1 4 15
1474 5426 2 9 57
3584 11241 1 6 77
6366 4670 1 9 109
6850 8174 1 8 111
7879 3081 2 1 8
2856 8224 1 2 33
10816 4063 1 59 190
6011 8587 2 8 84
837 9671 2 6 89
3550 11309 1 1 9
7487 3209 2 1 24
2868 8183 1 8 66
2869 8185 1 10 93
7091 7940 2 1 6
9080 5504 1 7 96
9230 1518 1 10 107
9231 1522 1 20 199
5035 1575 1 8 76
995 9710 1 12 79
7934 10994 2 3 46
8159 2823 1 4 57
6457 4250 1 7 105
8106 6706 2 7 52
1796 8980 2 1 14
6060 4901 1 7 55
4258 10377 1 3 51
1831 8650 1 3 52
9928 8778 1 23 148
969 9682 1 1 17
10123 369 1 14 151
7846 2943 1 40 558
8020 2694 1 34 313
9437 1220 1 6 85
5518 1009 1 6 22
8362 10141 1 5 52
9331 9171 2 3 40
5961 604 1 4 37
6802 47 1 3 42
4673 10219 1 24 96
5655 8928 2 1 10
7106 7971 2 10 145
1108 5459 1 8 70
5453 1110 1 7 106
7030 7815 1 7 99
11020 7951 1 9 92
6858 44 1 19 259
7322 3647 1 10 17
966 5758 1 7 38
1324 9265 1 2 22
8778 9886 1 53 199
2148 480 2 9 85
8667 6152 1 35 94
602 9993 1 148 206
5196 1396 1 8 111
2879 133 1 14 91
4080 6732 1 7 108
9351 1147 1 24 218
858 9754 1 16 79
11102 3542 1 7 101
2194 510 1 2 19
334 10287 1 13 187
8565 2189 2 15 161
10079 415 1 26 94
4575 6192 1 9 76
8578 9938 1 6 91
10984 7775 1 1 7
5804 8844 1 2 23
8998 1630 1 1 6
4022 2868 1 26 218
10435 4419 1 75 105
360 6361 1 4 69
2289 8446 1 1 6
7487 3313 1 36 139
1351 5423 1 1 14
8156 10647 1 2 29
3875 3003 1 2 36
4080 6698 1 11 108
3588 11101 1 2 31
10295 8433 1 36 115
8438 10292 1 19 151
10541 4270 2 3 40
10566 4258 1 6 34
2668 8149 1 16 98
771 9872 1 4 51
5001 1816 1 12 114
8023 2783 1 9 84
6648 8316 1 4 48
2861 4000 2 4 32
65 10727 1 17 159
705 1936 2 2 37
4792 1986 1 14 75
2150 4571 1 18 107
7349 7569 1 6 82
7579 11241 1 8 120
8806 9851 1 4 59
5249 5550 1 4 29
8826 1762 1 4 34
192 10707 1 21 179
2646 8237 1 4 46
5750 5071 2 78 872
9753 8826 1 4 33
7516 7418 2 1 5
8042 2856 1 5 83
1858 4928 2 5 37
8787 5938 2 19 124
1856 4923 1 6 58
6345 361 1 17 154
4560 2155 2 8 47
4542 2237 1 6 73
5465 5425 1 7 85
10229 4490 2 2 33
4680 2037 1 7 91
5035 9729 1 4 61
2152 4552 1 1 14
2151 4551 1 2 35
10138 8543 1 19 143
4853 1911 2 1 7
7896 2960 1 23 203
9708 4995 1 4 24
7386 7563 1 15 208
10382 4364 2 1 10
4177 10577 1 10 82
4141 6707 1 5 70
5959 4885 1 7 62
6192 8565 1 3 16
10745 114 1 10 152
6922 8026 1 25 194
8638 2002 1 5 47
2220 8431 1 2 21
7749 3152 1 10 139
9645 906 1 7 66
3391 7487 2 24 83
6176 523 1 13 42
456 6241 1 2 28
10079 520 1 22 221
3498 3317 1 8 75
11040 3722 2 7 77
536 2056 1 3 31
4263 10510 1 3 47
5053 1683 1 12 111
5438 5416 1 37 122
10170 8492 2 9 131
8809 1838 1 2 34
