1273 1965 54000 1 0
48.8352 2.30779
48.8474 2.30301
48.8446 2.2969
48.8269 2.3067
48.839 2.28256
48.8395 2.28727
48.8345 2.29565
48.84 2.29987
48.8323 2.28879
48.8429 2.31238
48.8471 2.29265
48.8337 2.31766
48.8474 2.27886
48.831 2.30473
48.8461 2.28133
48.8469 2.2924
48.8362 2.27834
48.8313 2.30527
48.8311 2.31714
48.8456 2.29464
48.8532 2.29023
48.8569 2.29191
48.8332 2.32696
48.8352 2.27291
48.8319 2.32017
48.837 2.31662
48.8334 2.3098
48.8327 2.30096
48.837 2.31282
48.8333 2.30512
48.8537 2.28767
48.8238 2.31762
48.8389 2.2976
48.8398 2.29834
48.8467 2.28886
48.8244 2.32583
48.845 2.2977
48.8283 2.30204
48.8332 2.31934
48.8437 2.29842
48.8527 2.29857
48.8281 2.30328
48.8299 2.31288
48.8505 2.29999
48.8578 2.29167
48.8391 2.30007
48.8453 2.29782
48.8292 2.30845
48.8474 2.29776
48.8372 2.30012
48.8404 2.31511
48.8517 2.28992
48.8323 2.32247
48.8369 2.27867
48.8519 2.29373
48.8403 2.29516
48.8406 2.31496
48.8461 2.27804
48.8514 2.29301
48.8291 2.29328
48.8465 2.30609
48.8443 2.27759
48.8507 2.29696
48.8408 2.28855
48.8271 2.32509
48.8314 2.32159
48.8368 2.29808
48.8527 2.2862
48.8302 2.32345
48.8348 2.31686
48.8478 2.29656
48.8451 2.28307
48.8396 2.30131
48.8256 2.31903
48.8357 2.31128
48.8491 2.28764
48.8348 2.29897
48.83 2.30355
48.8371 2.31065
48.8278 2.30521
48.8375 2.2696
48.8526 2.28609
48.8376 2.32019
48.8244 2.32357
48.8354 2.32299
48.8491 2.29812
48.8398 2.29782
48.8287 2.32428
48.8434 2.28276
48.8369 2.3185
48.8356 2.26834
48.8506 2.28402
48.8348 2.26897
48.8496 2.28126
48.8381 2.28771
48.8341 2.29531
48.8233 2.32543
48.8498 2.296
48.8429 2.28405
48.8505 2.28714
48.8503 2.28684
48.8349 2.27365
48.8396 2.30933
48.8448 2.29398
48.8402 2.27196
48.8393 2.28945
48.8349 2.27773
48.8272 2.30805
48.8522 2.29931
48.833 2.3209
48.839 2.28013
48.8288 2.31661
48.8292 2.31731
48.8541 2.29457
48.8326 2.3251
48.84 2.29754
48.8315 2.32662
48.8476 2.30295
48.831 2.29233
48.8393 2.30041
48.8434 2.28628
48.823 2.32204
48.8519 2.28516
48.8344 2.3085
48.841 2.29142
48.8224 2.31445
48.8395 2.30718
48.8234 2.31986
48.8318 2.30524
48.8512 2.30092
48.8389 2.28548
48.8362 2.32345
48.8299 2.32312
48.8442 2.3082
48.8387 2.31563
48.8293 2.32265
48.8346 2.28831
48.8396 2.29309
48.8362 2.27817
48.8533 2.29585
48.8438 2.31216
48.8364 2.28049
48.8486 2.28514
48.8428 2.28617
48.837 2.29847
48.826 2.31256
48.8485 2.28286
48.8362 2.31016
48.8376 2.29085
48.8251 2.32047
48.8202 2.32403
48.8342 2.30688
48.8407 2.29997
48.8509 2.28363
48.8492 2.29797
48.8243 2.32349
48.824 2.32571
48.8306 2.31279
48.8462 2.30904
48.8463 2.3055
48.8324 2.32587
48.8236 2.32561
48.8361 2.29355
48.8516 2.29488
48.8357 2.27059
48.8354 2.30269
48.8495 2.30387
48.8467 2.30622
48.8489 2.2942
48.8485 2.28909
48.8448 2.2839
48.8515 2.29492
48.8478 2.30172
48.8287 2.29582
48.8348 2.31553
48.8436 2.30646
48.844 2.29231
48.8402 2.3127
48.8479 2.30615
48.8359 2.26681
48.8371 2.31303
48.8328 2.31151
48.8524 2.29458
48.8411 2.30665
48.8396 2.3058
48.849 2.29779
48.8503 2.2974
48.8361 2.30037
48.8387 2.2895
48.8392 2.30827
48.8502 2.2965
48.8393 2.3049
48.8368 2.30329
48.8325 2.29761
48.8285 2.29663
48.833 2.32478
48.84 2.29036
48.8414 2.28415
48.8562 2.2931
48.8418 2.29905
48.8468 2.28566
48.8323 2.3191
48.8391 2.30627
48.8383 2.28926
48.8456 2.28799
48.847 2.30522
48.8403 2.31497
48.8462 2.27662
48.8505 2.28687
48.8471 2.28928
48.8385 2.28909
48.8337 2.3243
48.8403 2.29966
48.8362 2.32218
48.8346 2.26567
48.8493 2.29814
48.8342 2.32627
48.8425 2.31106
48.8485 2.29731
48.8364 2.30645
48.8354 2.31803
48.8379 2.29773
48.8393 2.29199
48.8352 2.28105
48.842 2.28255
48.8338 2.32446
48.8353 2.30332
48.8374 2.31856
48.8379 2.30152
48.8465 2.27671
48.8302 2.31646
48.8393 2.29837
48.8346 2.32135
48.8323 2.3151
48.8369 2.27863
48.8206 2.32423
48.8422 2.31344
48.8218 2.32506
48.8575 2.29103
48.8374 2.30599
48.8392 2.28587
48.8352 2.31494
48.8515 2.29705
48.8349 2.27419
48.8496 2.29584
48.8291 2.29232
48.8527 2.29074
48.8411 2.31454
48.8237 2.32318
48.8471 2.30734
48.8346 2.26694
48.8374 2.29194
48.8276 2.30622
48.8246 2.30474
48.8232 2.31132
48.8422 2.28666
48.8499 2.29501
48.8306 2.31415
48.8405 2.29944
48.844 2.28857
48.8427 2.3026
48.8437 2.29851
48.8353 2.28094
48.8291 2.29901
48.8417 2.29959
48.831 2.32398
48.8335 2.27697
48.8399 2.29273
48.8484 2.28087
48.8372 2.2692
48.833 2.29423
48.8343 2.31595
48.8351 2.32391
48.8404 2.29884
48.8447 2.29028
48.8287 2.31658
48.8504 2.29405
48.8539 2.29662
48.8485 2.30247
48.8383 2.3196
48.8369 2.27429
48.831 2.31752
48.8334 2.32643
48.8505 2.2865
48.8513 2.2953
48.8324 2.32499
48.839 2.31056
48.8545 2.29575
48.8406 2.30495
48.8346 2.26724
48.8406 2.31485
48.8457 2.30198
48.8393 2.29586
48.8388 2.26945
48.8507 2.29238
48.8221 2.3251
48.8435 2.28067
48.8422 2.31297
48.8353 2.28546
48.8481 2.29013
48.8239 2.30787
48.8433 2.31252
48.8379 2.28178
48.8396 2.31474
48.8482 2.30115
48.8345 2.26593
48.8374 2.28944
48.8525 2.29345
48.8344 2.32402
48.8474 2.28618
48.8512 2.29453
48.8334 2.28639
48.8353 2.26735
48.8277 2.30012
48.8407 2.28702
48.8462 2.27956
48.8437 2.30639
48.8376 2.30118
48.8278 2.29243
48.831 2.29641
48.8419 2.29827
48.8409 2.29696
48.8419 2.30914
48.8296 2.30693
48.8521 2.28882
48.8318 2.32011
48.8378 2.2974
48.8509 2.2843
48.8504 2.28857
48.8403 2.28588
48.856 2.29465
48.8387 2.2696
48.8465 2.28516
48.8303 2.31089
48.845 2.29742
48.8453 2.27855
48.8242 2.31921
48.8363 2.30665
48.8326 2.28
48.8502 2.29959
48.832 2.30742
48.837 2.30561
48.8321 2.30298
48.8449 2.28606
48.8336 2.27683
48.8522 2.29125
48.8297 2.32611
48.8357 2.30239
48.8267 2.30486
48.8464 2.28314
48.8368 2.3028
48.8425 2.31273
48.8444 2.30877
48.8342 2.29432
48.8386 2.31351
48.8465 2.27766
48.8344 2.3218
48.8516 2.30027
48.8296 2.32286
48.8354 2.27169
48.8457 2.30863
48.8303 2.32588
48.8384 2.31535
48.8226 2.32267
48.852 2.2954
48.8429 2.29873
48.8376 2.31097
48.8274 2.29212
48.8463 2.29924
48.8356 2.29974
48.8541 2.29756
48.8528 2.29297
48.8393 2.29695
48.8383 2.27839
48.8249 2.32379
48.8308 2.31905
48.8294 2.29715
48.8508 2.28678
48.8538 2.29414
48.8283 2.30299
48.851 2.29242
48.838 2.28695
48.8516 2.29742
48.8265 2.29633
48.8354 2.30204
48.836 2.2937
48.8363 2.31007
48.8464 2.30846
48.8312 2.32145
48.838 2.3112
48.8351 2.30379
48.8417 2.30289
48.8243 2.32033
48.8415 2.31544
48.8397 2.28846
48.8396 2.29009
48.8409 2.27791
48.8335 2.28654
48.8494 2.30377
48.8247 2.30479
48.8415 2.30792
48.8323 2.28767
48.8398 2.28481
48.84 2.27182
48.8353 2.31779
48.8262 2.31958
48.8432 2.3046
48.8365 2.31734
48.8386 2.30525
48.8374 2.30108
48.8276 2.32099
48.8331 2.32753
48.8334 2.31553
48.8531 2.28993
48.8445 2.29369
48.8374 2.31944
48.8249 2.31841
48.8383 2.28129
48.8361 2.26858
48.835 2.2673
48.8471 2.30533
48.8379 2.29132
48.8317 2.32407
48.8544 2.28865
48.8488 2.29406
48.8448 2.31001
48.8421 2.30307
48.8422 2.28556
48.8424 2.28506
48.8429 2.29652
48.8337 2.30935
48.8477 2.28413
48.8422 2.30448
48.8462 2.2787
48.8279 2.3049
48.8353 2.26836
48.8209 2.32152
48.8498 2.28289
48.8377 2.31103
48.8381 2.28768
48.8286 2.30141
48.8357 2.31766
48.8263 2.30307
48.8324 2.32054
48.8496 2.28619
48.8354 2.26692
48.8423 2.3133
48.828 2.32147
48.8226 2.31495
48.8405 2.28789
48.8303 2.32323
48.8329 2.31624
48.843 2.29107
48.8288 2.29979
48.839 2.28222
48.8403 2.27202
48.828 2.29841
48.8367 2.27845
48.8548 2.29575
48.8327 2.30821
48.8394 2.30082
48.8385 2.27991
48.8465 2.28591
48.8401 2.27189
48.8469 2.29331
48.8487 2.29866
48.8324 2.28895
48.8311 2.29244
48.852 2.29635
48.8448 2.29302
48.8366 2.31696
48.8403 2.27803
48.8405 2.31466
48.8387 2.28211
48.8449 2.29842
48.8445 2.30916
48.8556 2.29403
48.8222 2.32491
48.8269 2.3265
48.8445 2.29278
48.8469 2.29357
48.8263 2.31303
48.8321 2.32697
48.8462 2.29516
48.8431 2.28028
48.8573 2.29246
48.8426 2.29235
48.8354 2.30267
48.8305 2.29329
48.8513 2.29525
48.8326 2.32271
48.8505 2.29846
48.8519 2.28864
48.8351 2.32182
48.8386 2.30676
48.8367 2.30635
48.8371 2.27442
48.8268 2.30886
48.8499 2.29915
48.8268 2.29551
48.8302 2.29583
48.8296 2.29232
48.836 2.27828
48.8377 2.3124
48.8273 2.29216
48.8314 2.32696
48.8254 2.32126
48.8431 2.27572
48.838 2.29459
48.8254 2.30233
48.8534 2.28827
48.8304 2.3138
48.8302 2.30189
48.8243 2.31861
48.8315 2.32539
48.8458 2.30953
48.8487 2.28522
48.8329 2.31387
48.8549 2.29637
48.8218 2.31696
48.8302 2.32006
48.8331 2.29655
48.8354 2.30279
48.8339 2.28537
48.8314 2.29206
48.8255 2.31172
48.8401 2.27169
48.8497 2.29351
48.8409 2.30047
48.8316 2.32442
48.8416 2.27997
48.837 2.32137
48.848 2.29341
48.8357 2.26717
48.8456 2.29126
48.8423 2.31056
48.8327 2.32489
48.8531 2.29792
48.8326 2.30094
48.8336 2.27698
48.8543 2.29236
48.8494 2.29461
48.849 2.29092
48.83 2.3056
48.8247 2.32591
48.8319 2.29666
48.8348 2.2741
48.8383 2.29396
48.8343 2.30647
48.8367 2.27926
48.8362 2.3103
48.836 2.31905
48.8372 2.29642
48.853 2.29708
48.8403 2.28886
48.8437 2.30241
48.8264 2.3107
48.8319 2.30447
48.8368 2.29275
48.842 2.31494
48.8364 2.30652
48.834 2.31813
48.8479 2.30138
48.8336 2.3258
48.8426 2.30268
48.8403 2.27804
48.8352 2.30553
48.8436 2.30801
48.8418 2.30325
48.8369 2.27845
48.8316 2.32002
48.8304 2.31967
48.8254 2.31018
48.8323 2.30662
48.8509 2.29213
48.8448 2.27799
48.8401 2.28543
48.8392 2.29216
48.8478 2.30248
48.8509 2.28759
48.8344 2.31363
48.8275 2.31482
48.8312 2.29185
48.8314 2.30928
48.8289 2.29417
48.8391 2.28791
48.8296 2.29539
48.8529 2.28656
48.8481 2.30152
48.8259 2.32236
48.849 2.30134
48.8283 2.32392
48.8278 2.30468
48.8245 2.32584
48.8299 2.29562
48.8403 2.28739
48.8306 2.31893
48.835 2.27776
48.8417 2.29952
48.8493 2.28165
48.8288 2.30603
48.8411 2.28454
48.8546 2.29551
48.8413 2.29662
48.8374 2.31812
48.854 2.28908
48.8356 2.30278
48.8396 2.28418
48.8341 2.2905
48.823 2.31555
48.8331 2.28752
48.84 2.28645
48.8299 2.29588
48.8425 2.31405
48.8503 2.28874
48.8325 2.28042
48.8327 2.28835
48.8322 2.32038
48.8276 2.30539
48.8291 2.3025
48.8453 2.27551
48.8473 2.27792
48.8521 2.29411
48.8232 2.32431
48.8407 2.28416
48.8354 2.3118
48.8546 2.29672
48.8371 2.27729
48.8402 2.28904
48.8258 2.31119
48.8247 2.3259
48.836 2.32188
48.8345 2.31331
48.8318 2.31787
48.8492 2.28188
48.8378 2.3148
48.8361 2.29176
48.8386 2.26976
48.8405 2.31513
48.8405 2.29572
48.8276 2.29295
48.8425 2.28078
48.8453 2.29102
48.8336 2.31748
48.8456 2.28073
48.8434 2.27487
48.8489 2.30458
48.8452 2.27707
48.8325 2.32311
48.8372 2.29882
48.8301 2.30249
48.8361 2.26752
48.8384 2.27838
48.8218 2.32502
48.8417 2.28855
48.8333 2.2945
48.8262 2.30625
48.8429 2.31287
48.8301 2.3204
48.8527 2.28722
48.8307 2.31175
48.8369 2.30273
48.8527 2.29493
48.8507 2.29895
48.8418 2.28629
48.8423 2.31335
48.8233 2.32438
48.8412 2.29129
48.8336 2.30899
48.8339 2.29506
48.8276 2.3261
48.8345 2.32165
48.8355 2.3007
48.8387 2.26987
48.8506 2.29882
48.8247 2.3183
48.8313 2.30684
48.8318 2.32525
48.8502 2.2849
48.8525 2.29058
48.8466 2.2861
48.8361 2.29367
48.8487 2.29397
48.8463 2.28648
48.8534 2.29738
48.8235 2.31947
48.8383 2.28827
48.8432 2.28134
48.8537 2.29694
48.8418 2.28306
48.8369 2.28361
48.8245 2.31925
48.8428 2.29194
48.8356 2.32119
48.8471 2.29592
48.8307 2.3036
48.8382 2.27065
48.8306 2.31274
48.8506 2.287
48.8462 2.28511
48.8247 2.31352
48.835 2.31731
48.841 2.28932
48.8361 2.29396
48.8359 2.29847
48.8318 2.31415
48.8353 2.30315
48.8343 2.28996
48.838 2.28079
48.8356 2.26642
48.8284 2.31718
48.8455 2.28453
48.848 2.30185
48.8334 2.31708
48.8464 2.30863
48.8457 2.27701
48.8272 2.29274
48.838 2.30142
48.8292 2.31921
48.8283 2.32172
48.8466 2.28792
48.8551 2.28939
48.8398 2.30207
48.8513 2.29526
48.8387 2.31457
48.8361 2.29723
48.8291 2.30642
48.8369 2.31802
48.8442 2.27727
48.8209 2.32446
48.8375 2.26953
48.8321 2.32224
48.8429 2.31282
48.8346 2.29882
48.8401 2.31546
48.8413 2.30719
48.8517 2.28535
48.8375 2.29829
48.8528 2.29395
48.8419 2.27914
48.8231 2.32538
48.8238 2.32324
48.8505 2.28689
48.8403 2.31486
48.8349 2.29612
48.8402 2.27107
48.8386 2.28941
48.8291 2.32635
48.8441 2.28435
48.8405 2.31524
48.8404 2.2711
48.836 2.30086
48.8372 2.31785
48.8292 2.29292
48.8523 2.29918
48.8347 2.30516
48.8374 2.28505
48.8245 2.31967
48.8508 2.29281
48.8413 2.31366
48.8505 2.30203
48.8465 2.29948
48.8255 2.30022
48.8286 2.31637
48.8339 2.29513
48.8318 2.32552
48.8404 2.30425
48.8505 2.29288
48.8275 2.30503
48.8578 2.29139
48.8493 2.29316
48.832 2.32741
48.8419 2.29337
48.854 2.29336
48.8461 2.30491
48.8405 2.3147
48.8386 2.29484
48.8415 2.29885
48.8288 2.30736
48.8369 2.29745
48.8265 2.30857
48.8316 2.31528
48.8335 2.29423
48.8406 2.31569
48.8383 2.29844
48.8507 2.28685
48.8428 2.28
48.8355 2.32375
48.8388 2.29016
48.8547 2.29537
48.8446 2.28701
48.8322 2.31286
48.8409 2.30588
48.8453 2.29202
48.8444 2.28465
48.8496 2.28609
48.8397 2.29652
48.8368 2.32074
48.8459 2.27734
48.8332 2.32323
48.8321 2.29339
48.8501 2.29517
48.8355 2.31543
48.855 2.29612
48.8313 2.30245
48.8438 2.28192
48.8344 2.28405
48.8341 2.3243
48.8413 2.29821
48.8525 2.29266
48.8395 2.29875
48.842 2.31488
48.8261 2.31275
48.8466 2.28799
48.8349 2.29169
48.8225 2.31443
48.8459 2.28737
48.8341 2.27711
48.8344 2.31894
48.8268 2.32434
48.8404 2.2712
48.8263 2.3091
48.847 2.30431
48.8421 2.313
48.826 2.29915
48.8505 2.28711
48.8451 2.28951
48.8315 2.29687
48.8502 2.29197
48.8469 2.28539
48.8341 2.29699
48.8489 2.30135
48.8288 2.30763
48.8327 2.31448
48.8531 2.29357
48.8346 2.28434
48.8309 2.29221
48.8385 2.28899
48.8361 2.28178
48.8273 2.29226
48.8367 2.32165
48.8342 2.31863
48.8455 2.27627
48.8452 2.29096
48.8426 2.28957
48.8462 2.30541
48.83 2.30313
48.836 2.30078
48.8386 2.28179
48.8438 2.28635
48.8388 2.26971
48.8494 2.28985
48.8276 2.30106
48.847 2.29434
48.8447 2.27986
48.8416 2.29911
48.8307 2.3238
48.8444 2.28359
48.8546 2.28888
48.8374 2.28992
48.822 2.31685
48.8251 2.31683
48.8385 2.29469
48.8344 2.31613
48.8381 2.31424
48.836 2.26854
48.8488 2.28082
48.8463 2.28039
48.8469 2.29365
48.8337 2.28988
48.8334 2.29613
48.8375 2.32022
48.8545 2.29585
48.823 2.32559
48.832 2.30382
48.842 2.31308
48.8313 2.31983
48.8513 2.29655
48.8289 2.29438
48.824 2.31625
48.8393 2.31621
48.8415 2.31401
48.8316 2.30598
48.8292 2.32064
48.8425 2.2859
48.8365 2.28958
48.8382 2.30727
48.8458 2.29616
48.8329 2.30056
48.845 2.28953
48.8354 2.26905
48.8322 2.31879
48.8263 2.31142
48.8375 2.30199
48.8431 2.28349
48.8297 2.31798
48.851 2.29608
48.8434 2.29995
48.836 2.32183
48.8447 2.30958
48.8368 2.27879
48.8455 2.30959
48.8369 2.29577
48.8511 2.29496
48.8291 2.32615
48.8494 2.28156
48.8377 2.30783
48.8467 2.28561
48.8508 2.28374
48.8411 2.2879
48.8379 2.31461
48.8292 2.30235
48.8427 2.29879
48.8233 2.31135
48.8455 2.28241
48.8462 2.27716
48.8446 2.29373
48.8385 2.29999
48.8503 2.28234
48.8446 2.29072
48.8402 2.30033
48.8285 2.29647
48.8241 2.32021
48.8411 2.30118
48.8409 2.31597
48.8269 2.31381
48.829 2.31783
48.8447 2.29048
48.8535 2.29854
48.8309 2.31227
48.8493 2.3036
48.8285 2.30326
48.8338 2.29004
48.836 2.31898
48.8386 2.30361
48.8279 2.32663
48.8549 2.28854
48.85 2.28254
48.8425 2.28699
48.8229 2.32196
48.8533 2.28971
48.8434 2.27852
48.8402 2.298
48.8304 2.30415
48.8459 2.30428
48.8535 2.29373
48.841 2.31336
48.8247 2.31951
48.8383 2.26886
48.8517 2.29595
48.8307 2.30631
48.84 2.30674
48.8323 2.29749
48.832 2.31355
48.8422 2.31293
48.8341 2.27733
48.8365 2.32015
48.8444 2.27756
48.8499 2.30115
48.838 2.29896
48.8299 2.30489
48.8224 2.32389
48.8238 2.32248
48.836 2.27812
48.8398 2.28068
48.8321 2.31045
48.8338 2.29784
48.8221 2.32503
48.8527 2.2931
48.8353 2.268
48.8455 2.28244
48.8272 2.30458
48.8418 2.31449
48.8241 2.32119
48.8336 2.30923
48.8251 2.3112
48.8355 2.29276
48.8359 2.2813
48.8503 2.28694
48.832 2.3247
48.8436 2.29323
48.8462 2.27811
48.8351 2.32032
48.8504 2.29801
48.845 2.29762
48.8207 2.32433
48.8394 2.27921
48.8442 2.27925
48.834 2.32172
48.8409 2.2875
48.8473 2.28384
48.8444 2.31167
48.8437 2.29299
48.8337 2.31498
48.8298 2.31615
48.8396 2.30586
48.8515 2.29195
48.8381 2.29223
48.8347 2.26568
48.8335 2.2987
48.8355 2.32362
48.8363 2.3189
48.8475 2.29477
48.8526 2.28618
48.8358 2.27896
48.8472 2.30351
48.8288 2.29502
48.8259 2.30018
48.839 2.30334
48.8373 2.30225
48.8247 2.31665
48.8326 2.31567
48.8524 2.29664
48.8495 2.29854
48.8302 2.31335
48.829 2.29894
48.8472 2.27916
48.8405 2.3129
48.8517 2.29587
48.8432 2.30066
48.8454 2.29213
48.8261 2.30988
48.8459 2.29983
48.8364 2.29912
48.8297 2.29569
48.8408 2.30022
48.8256 2.32168
48.8359 2.28855
48.8276 2.30116
48.8314 2.29203
48.8465 2.28543
48.8364 2.31013
48.8334 2.28944
48.836 2.3187
48.8367 2.27862
48.8363 2.29439
48.8387 2.29925
48.8232 2.32563
48.8566 2.29344
48.8442 2.28539
48.839 2.30763
48.8493 2.28386
48.8463 2.2809
48.8296 2.29556
48.8471 2.28512
48.8445 2.2772
48.8366 2.30474
48.8339 2.3081
48.85 2.28843
48.8438 2.27883
48.8315 2.32516
48.8429 2.28223
48.8408 2.30011
48.8338 2.29376
48.8424 2.29418
48.8348 2.30478
48.8408 2.31558
48.8415 2.28894
48.8266 2.31012
48.8494 2.2984
48.8289 2.2947
48.8363 2.30648
48.8359 2.3217
48.8223 2.31434
48.8365 2.31214
48.8348 2.26562
48.8425 2.31267
48.8429 2.29801
48.8439 2.27731
48.8428 2.30618
48.8456 2.27789
48.8328 2.3005
48.8305 2.31925
48.8438 2.30654
48.8312 2.32143
48.8363 2.26733
48.8508 2.28561
48.8273 2.30679
48.8277 2.30549
48.8374 2.2796
48.8364 2.31025
48.8344 2.26521
48.8308 2.29239
48.8391 2.29147
48.8286 2.32206
48.8392 2.2987
48.8334 2.31715
48.843 2.31279
48.8331 2.32458
48.8295 2.31861
48.8272 2.29246
48.8367 2.29955
48.8454 2.30206
48.8387 2.30874
48.8553 2.28953
48.8373 2.32037
48.8507 2.29564
48.8361 2.29248
48.8414 2.28098
48.8231 2.32107
48.8431 2.30683
48.833 2.30091
48.8356 2.32112
48.8277 2.30511
48.8278 2.3152
48.8363 2.28118
48.8417 2.31425
48.8362 2.31009
48.8338 2.30912
48.8553 2.29575
48.836 2.29038
48.8497 2.29155
48.8414 2.28861
48.8437 2.29772
48.8354 2.26682
48.8329 2.28722
48.8318 2.32198
48.8354 2.26894
48.8272 2.29213
48.8343 2.3242
48.8281 2.31562
48.8346 2.28353
48.8436 2.29576
48.8279 2.2993
48.8412 2.28084
48.8355 2.26697
48.8402 2.27155
48.8514 2.28806
48.8352 2.29633
48.8577 2.29185
48.845 2.31069
48.8478 2.30483
48.8364 2.30672
48.8338 2.32158
48.838 2.30424
48.8418 2.29069
48.8282 2.31701
48.8376 2.30958
48.8257 2.31405
48.8285 2.30143
48.8372 2.31873
48.8329 2.29228
48.8298 2.29551
48.8328 2.30707
48.8417 2.31383
48.8437 2.31225
48.8518 2.29169
48.8461 2.30551
48.8424 2.27515
48.8421 2.29037
48.8286 2.30738
48.8374 2.29676
48.8435 2.29352
48.842 2.3006
48.8354 2.28102
48.8281 2.3037
48.8477 2.29423
48.8507 2.28715
48.8437 2.29587
48.8329 2.30451
48.8422 2.29923
48.8254 2.31389
48.8408 2.30544
48.8452 2.29766
48.8423 2.31324
48.8366 2.29519
48.8547 2.28844
48.8401 2.27983
48.8388 2.30047
48.8343 2.29962
48.8304 2.3233
48.8441 2.28121
48.8254 2.30048
48.8563 2.29293
48.8527 2.29979
48.8313 2.31636
48.8308 2.32103
48.8425 2.30034
48.8357 2.28973
48.8461 2.27693
48.8451 2.29755
48.8298 2.32117
48.8412 2.29183
48.8237 2.31724
48.8297 2.2955
48.8437 2.2928
48.8383 2.29276
48.8339 2.31444
48.8364 2.30669
48.821 2.32159
48.8277 2.29277
48.8221 2.32537
48.8285 2.30131
48.8416 2.27689
48.8461 2.27745
48.8309 2.2925
48.8424 2.27761
48.8436 2.29643
48.8404 2.27159
48.8443 2.31175
48.8226 2.31453
48.8288 2.32036
48.8481 2.30582
48.8309 2.30329
48.8532 2.2934
48.8311 2.30291
48.8307 2.3143
48.8462 2.27822
48.8463 2.30661
48.8227 2.3147
48.8475 2.29718
48.8417 2.28227
48.8351 2.30035
48.8351 2.28903
48.8517 2.29138
48.8429 2.29504
48.8466 2.29966
48.8484 2.30145
48.8358 2.28971
48.8345 2.30577
48.8385 2.31151
48.8258 2.30039
48.834 2.29477
48.8229 2.31551
48.8286 2.30059
48.826 2.31045
48.846 2.29873
48.8513 2.29644
48.8417 2.29872
48.848 2.2845
48.8267 2.30934
48.835 2.32252
48.849 2.28042
48.8343 2.28394
48.846 2.30856
48.8331 2.30586
48.8384 2.31523
48.8466 2.29404
48.8457 2.29139
48.8407 2.29097
48.8465 2.30182
48.8397 2.28315
48.8392 2.28983
48.8406 2.31304
48.8421 2.28164
48.8328 2.30839
48.8517 2.29757
48.8535 2.29002
48.8455 2.28455
48.8317 2.29628
48.8505 2.29128
48.8223 2.3147
48.8375 2.32
48.8297 2.30175
48.8567 2.29354
48.843 2.28623
48.8278 2.32665
48.8399 2.30252
48.831 2.31233
48.8382 2.30832
48.8299 2.29572
48.8481 2.28681
48.8405 2.27183
48.8503 2.2901
48.8395 2.30953
48.8459 2.27668
48.8509 2.29257
48.8496 2.29147
48.828 2.31549
48.8306 2.30383
48.8366 2.30104
48.8407 2.28885
48.8462 2.27952
1007 1008 1 41 94
9401 5508 1 44 271
3700 3706 2 6 61
1676 9672 1 10 122
10137 6230 1 1 25
3566 3544 1 44 222
7031 2944 1 11 113
6598 2485 1 9 112
5348 9253 1 10 144
8687 637 1 9 80
679 4804 1 14 125
9719 1750 1 67 425
5989 6015 2 4 57
6638 2565 2 12 76
1638 1679 1 41 277
5463 1316 2 15 132
9253 9222 1 62 360
5978 5950 1 8 54
943 5162 1 1 5
176 4037 2 11 100
8839 4993 1 12 155
8569 483 1 18 155
184 170 2 5 66
6031 1916 2 11 60
2400 10352 1 8 57
874 5018 1 5 68
1118 5239 1 16 167
1803 1770 1 2 25
7361 11250 1 52 483
7732 3621 2 1 9
1316 9325 2 17 144
8588 4719 2 7 80
9567 1593 1 52 73
5083 5091 2 23 153
1443 1407 2 4 43
1631 5760 2 9 47
7214 3202 2 4 46
2786 6927 1 12 103
9929 9997 1 1 18
6148 1955 1 9 119
1464 1520 2 1 4
340 4450 1 5 75
3119 10982 2 1 12
9757 1690 1 15 110
9366 1382 2 25 140
10364 6520 2 11 75
7758 3756 1 55 191
174 8248 1 12 136
10625 10660 2 25 121
7565 7534 1 27 382
4061 4160 1 2 40
4472 343 2 26 119
7272 7249 1 10 108
5709 9638 1 1 13
4813 8820 1 30 172
2638 6791 1 20 202
10595 2485 2 7 31
9479 5605 1 27 326
6948 10725 1 13 146
401 8561 1 56 149
10483 10354 2 1 15
7380 11141 1 6 86
3613 7560 2 5 64
1832 9929 1 13 156
10324 2170 1 14 69
5773 5896 1 1 16
7379 11133 1 14 69
7451 7311 2 2 39
6242 2284 2 68 94
1923 6174 2 1 19
10956 7182 2 4 19
9807 6084 1 1 8
10252 10131 1 3 47
9313 1096 1 6 75
814 894 1 54 521
8322 4588 1 7 83
10298 2170 1 15 117
10884 3027 1 7 54
5637 5495 1 27 374
10301 2166 2 1 16
6131 9916 1 13 91
2129 2222 1 8 70
8090 4143 1 9 49
1820 9639 1 15 82
791 8987 1 10 84
609 748 1 1 13
8209 4029 1 2 38
11240 11141 1 19 133
2508 10364 2 3 45
4890 628 1 12 167
8722 8600 1 34 146
695 8588 1 11 149
9390 1390 1 1 16
5120 783 1 9 64
10967 3082 2 2 32
10754 10681 1 1 20
5614 9350 2 17 86
6132 5952 1 3 32
4127 35 1 7 57
5348 5277 1 10 101
5947 2013 2 3 35
5858 5682 1 9 89
226 16 1 26 273
10839 6755 2 5 71
353 8472 1 6 51
80 4054 1 3 26
11263 3257 1 1 23
4037 92 1 6 77
4280 4335 1 7 98
1648 1692 1 7 107
6801 10790 2 2 23
10412 2506 1 65 90
10724 10698 1 3 47
1356 1402 1 40 347
9639 1739 1 5 23
2828 2671 2 18 136
2941 7173 1 9 110
530 8814 1 1 11
2269 6230 1 12 77
9184 5306 1 4 25
372 391 1 10 141
5201 5401 1 6 63
10949 3053 1 15 106
9792 1547 1 6 72
8935 894 1 64 893
1679 9678 1 26 82
7959 3700 1 3 54
996 8833 2 12 110
5626 1283 1 5 46
1674 1690 1 13 100
2959 3086 2 4 65
9340 1527 1 7 110
176 92 1 3 42
1493 1780 1 17 116
1759 5597 1 18 260
9254 8987 2 5 51
1925 6278 1 1 14
4696 290 1 1 8
8375 8620 1 32 241
9978 10281 1 20 249
7684 3869 1 19 223
3683 3411 1 3 48
10796 2572 1 3 39
10316 6114 1 1 22
7067 3215 1 4 59
2479 6855 1 9 58
7182 7409 1 4 39
5098 9201 1 7 83
2218 9967 2 12 91
8473 695 1 13 84
4837 389 1 13 170
471 4910 1 32 406
10209 1973 1 4 67
2944 11130 1 19 180
70 8311 1 6 55
10036 10316 1 10 124
10165 1924 1 2 26
2166 1915 1 1 13
10252 6077 2 25 190
4688 8371 2 5 82
4562 8740 2 6 70
8311 3991 1 28 103
6814 10424 1 3 29
9792 9492 1 20 77
6974 3246 1 1 12
3909 3574 1 22 94
1034 5014 1 10 54
1008 8898 1 10 143
6752 10440 1 6 82
6352 10037 1 11 147
3865 3566 1 6 72
1043 5041 1 4 56
2921 3276 1 244 1942
10922 3168 2 5 69
6107 2305 1 56 428
8555 4813 1 17 132
8389 4719 1 27 313
9758 1445 1 13 119
6137 6352 1 18 141
9978 10318 2 2 17
7766 7611 2 6 77
8788 4603 1 10 53
4423 4782 2 6 78
1608 5477 2 19 241
4382 180 1 1 18
7277 2949 1 5 65
9975 10301 1 22 292
9424 5661 1 3 48
10518 6885 2 60 191
4712 4583 1 11 126
2435 6904 2 1 17
3266 11091 1 1 17
389 4688 2 14 86
6587 2601 2 4 66
8533 4749 1 7 105
10403 10777 1 11 129
10448 6948 2 47 123
10467 10831 2 1 13
9353 1698 1 11 162
4822 4423 2 16 223
5950 6298 2 16 203
10588 2718 2 7 38
9632 5597 1 2 40
8588 8473 1 10 98
2462 2851 1 2 24
4037 4200 2 2 29
6015 2276 2 30 41
9471 9612 1 6 92
228 4241 2 5 71
9672 5626 1 9 97
783 1158 2 16 193
6848 2400 1 16 81
379 4890 1 21 158
5299 5148 1 9 111
5495 5881 1 1 17
1854 2218 1 36 281
11294 2987 1 21 180
5401 5002 1 14 155
7647 3676 2 5 33
3925 7560 1 6 65
9863 10209 2 11 47
287 8732 2 47 65
9929 6226 1 4 47
2444 6913 1 12 133
2293 1924 2 13 152
4423 4861 2 183 254
10467 10781 1 18 99
4718 4644 1 36 298
4813 8402 1 3 9
1757 9343 1 11 67
4967 5412 1 18 132
10854 2376 1 12 118
10660 6596 1 17 180
7348 10939 2 13 57
650 4588 1 44 173
8560 557 2 3 18
2808 6549 1 12 148
9286 834 1 2 23
9939 2187 1 40 238
4719 8527 1 19 109
10131 6131 1 14 176
919 9148 1 16 223
5853 9366 2 7 102
1397 1654 2 3 32
4230 226 1 26 90
5485 9758 1 12 79
1319 9758 2 19 254
535 515 1 10 95
4698 8551 1 5 71
2885 11343 1 19 146
2126 2007 1 12 96
1547 9538 1 1 19
6084 9465 1 13 66
4200 7766 2 1 9
4066 3556 2 5 46
7084 10469 2 4 49
1593 6226 1 25 58
8895 4500 1 20 151
9325 5931 2 12 150
8698 5307 1 10 90
977 498 1 23 189
3525 4034 1 1 13
9644 6285 1 5 70
7067 2444 1 9 85
9916 9424 2 3 40
4687 1013 1 2 24
7729 8233 2 3 45
9719 6327 2 5 25
9603 6213 2 12 150
7403 10796 1 13 60
1923 9415 1 26 178
9388 6001 1 20 105
3276 6814 1 36 447
8600 1054 1 8 102
6243 9632 1 1 8
9666 6275 2 5 31
9181 603 2 16 120
7404 6927 2 3 30
1411 6113 1 1 6
4577 934 1 2 31
9473 9925 2 28 88
2074 9599 1 10 82
3508 80 1 13 126
3360 10854 1 5 66
8551 943 1 7 99
4061 3602 1 17 80
1870 9353 1 22 192
9623 6293 1 5 52
3263 6772 1 158 220
2367 6974 1 3 50
6520 3019 2 8 89
5609 10064 1 13 187
2045 1493 1 13 135
3202 10718 2 5 61
7684 8247 1 50 628
391 5121 1 12 160
5756 10102 1 41 208
10424 10873 1 32 44
3168 6801 2 3 32
7359 6893 1 12 122
8357 5031 1 14 135
9017 8481 1 15 177
8561 5113 1 30 107
4530 4971 2 5 44
10352 7050 1 3 51
8417 783 2 55 275
5417 4840 2 4 22
5785 2112 1 3 54
7967 4296 1 5 75
7385 2867 1 3 50
251 3570 1 20 65
9888 5485 1 13 154
9432 1850 1 2 33
1189 4837 1 10 141
10681 7262 1 2 15
8827 367 2 1 11
227 3582 2 10 36
2718 3160 2 13 64
5402 679 1 10 66
9869 1318 2 1 9
6939 7348 2 7 72
3433 4071 2 5 64
2884 10483 2 3 18
6892 3248 1 9 90
4837 9090 1 8 83
6988 6596 1 11 142
11170 2843 1 10 145
5682 2210 1 4 43
1850 1397 1 1 22
8530 8904 1 11 105
5175 8426 1 9 126
7560 4127 1 3 38
9599 10264 1 50 232
1178 8602 1 2 18
4392 3794 2 17 152
11042 2443 2 9 90
1217 4803 1 30 140
9471 1832 1 2 25
1870 9452 2 1 13
7177 10412 2 62 86
7056 6682 1 7 49
8722 1054 1 11 154
1445 5952 1 1 15
9047 8407 1 4 47
357 5138 2 1 4
6678 2959 2 10 71
2636 11233 1 29 106
10718 7408 2 1 22
10131 5795 1 9 98
11184 6848 1 20 199
10663 7338 1 7 43
2725 7379 2 6 80
8247 3474 1 95 747
11343 2673 2 1 5
8814 9123 1 12 177
1821 2129 2 4 39
4993 8560 2 5 64
11235 10663 1 3 26
748 1055 1 91 126
619 1132 1 6 55
3019 2508 2 11 43
7978 4230 1 8 119
4980 497 1 18 261
2217 9632 1 49 162
6791 11263 1 3 27
340 5092 2 19 151
4842 9137 1 36 222
6001 5575 1 8 96
7519 4160 1 21 217
6687 6965 1 3 52
4921 1013 1 20 131
7004 6656 1 6 87
1968 1366 1 7 45
8597 5397 1 20 99
1016 768 1 3 42
5495 6107 1 9 109
5041 4558 1 2 33
8396 5248 1 4 58
6755 2941 1 57 377
10901 2664 1 13 113
5931 9577 2 17 101
6919 7193 1 6 74
9222 4558 1 1 6
4455 9118 1 14 55
6335 1464 2 19 200
1980 9719 2 32 305
1912 9620 1 7 59
7366 6635 1 2 25
8199 7967 1 9 80
4782 5012 2 30 220
9996 9770 1 2 22
1007 4455 1 31 360
1932 9631 1 4 36
10748 3082 1 20 232
3925 4127 1 3 33
2479 7380 1 6 68
10196 9394 1 28 192
9009 748 1 1 10
8368 1008 1 4 63
2479 11263 1 2 32
515 5384 2 5 51
10227 1435 2 69 254
8987 4813 1 4 32
10901 10608 1 58 81
3246 6549 1 31 196
9612 1832 1 7 57
1654 1866 1 5 72
3682 8093 1 9 93
5342 8551 1 29 386
2904 6789 1 4 58
7408 6587 2 5 50
5178 709 1 10 140
7084 10646 1 3 26
1054 8454 2 1 19
517 1175 1 39 242
8620 5046 1 14 150
5095 4910 2 2 28
8965 760 1 6 70
1949 5865 1 3 37
10200 9366 1 12 167
8913 535 1 55 120
10956 2643 1 20 290
5237 4450 1 44 111
10773 11080 2 7 86
3682 8090 1 4 50
7173 10724 1 15 56
2040 5791 1 13 140
5316 497 1 17 198
7193 2762 1 17 146
1315 10155 1 122 169
10245 5605 1 11 128
10931 2636 1 27 199
3033 10854 1 15 222
801 8673 1 21 52
9281 429 1 10 100
3418 8319 2 2 26
5897 6069 1 7 107
7409 2524 1 15 141
7338 6692 1 3 11
10949 2623 2 19 179
7947 184 2 22 88
8389 5377 1 8 110
9201 4421 1 3 50
9009 609 1 1 7
5410 4524 1 12 46
3570 4219 1 10 119
5614 6269 1 3 53
1116 8561 1 10 139
8472 1016 1 3 52
8522 9135 1 1 10
2376 11250 1 92 127
7755 149 2 38 268
5083 541 2 14 100
8740 4972 1 30 119
429 1044 1 2 40
2995 2867 2 23 224
1096 8530 1 9 72
9880 5853 1 2 21
6226 9471 1 11 120
1690 1850 1 23 206
8891 8801 2 3 29
10646 3043 1 3 54
5463 2204 1 10 138
1820 1920 2 1 17
263 5351 1 3 42
2007 1654 1 124 228
11141 2479 1 27 124
6919 10930 1 4 25
8946 8627 1 10 100
9118 396 1 4 59
1979 5659 1 1 8
1525 6242 2 2 28
1995 1540 1 9 78
889 8768 1 4 11
8192 7755 1 13 104
1390 2129 1 7 61
1246 4489 2 1 11
292 5402 1 27 212
5237 8463 1 7 98
1416 6265 1 3 51
1515 6231 1 13 107
5950 1757 1 6 54
2045 1590 2 11 156
1749 6031 2 9 129
10469 11255 1 2 37
9424 10252 2 77 170
10930 2758 1 4 52
1973 5789 1 2 14
10884 6950 1 7 83
4588 9196 1 2 29
8608 996 2 9 134
1912 1741 2 28 198
894 4769 1 20 51
35 3925 1 7 36
1920 1739 2 9 96
6275 5555 2 5 50
8402 9254 1 3 31
5092 609 2 4 48
1116 401 2 16 126
287 5402 2 50 313
8263 3602 1 1 6
3337 10406 1 21 224
2376 3360 1 28 164
9618 10653 1 3 19
8217 9009 1 62 337
3411 8322 1 52 199
8380 3467 2 11 23
3769 8673 1 3 40
0 4942 1 25 277
9350 6449 2 25 35
3420 8328 2 6 87
64 824 1 5 53
4336 5342 1 150 1799
8027 788 2 25 89
3063 6107 1 110 423
1178 4325 1 34 427
6275 3276 1 39 408
6848 1692 2 11 147
4969 8000 1 22 150
6231 11130 1 1 4
8319 1099 1 9 85
3474 4445 1 20 284
8370 7519 1 5 80
1915 10956 1 74 338
8463 3582 1 3 35
6606 1402 1 7 59
682 3841 1 23 172
2040 3127 2 17 127
4219 1033 1 5 78
4967 3949 1 3 16
5637 6651 1 43 609
8192 5175 2 1 11
1900 6968 1 15 90
3564 483 1 7 109
3158 10147 1 11 158
9967 7187 2 2 25
1590 10696 2 4 43
3605 8555 1 78 125
10773 9770 1 46 180
7182 9975 1 8 62
1547 2702 1 2 14
2531 1511 1 13 124
5994 2904 1 10 82
7057 5931 2 11 145
3841 8768 1 9 113
8496 3609 1 15 126
10777 5876 1 11 63
2165 3157 2 6 88
7154 1995 1 13 64
3276 2080 1 182 958
3678 633 1 38 298
5555 10588 2 1 27
4296 9313 1 23 104
10264 7404 2 2 31
873 8027 2 7 67
226 919 1 12 109
10316 3246 1 3 42
4335 9106 2 5 80
2958 2013 1 10 80
6833 5907 1 2 30
9884 7171 1 8 49
5626 6561 1 5 68
5089 52 1 5 81
9545 10451 1 5 62
10224 7214 2 55 137
8732 3720 1 1 22
1982 2927 1 6 54
9290 4241 2 17 129
4071 4938 2 1 6
816 8192 2 4 39
6449 9479 2 2 25
1438 2343 1 31 122
11133 2210 1 20 270
5502 6687 1 2 12
3566 8368 1 41 383
3720 679 1 49 305
2808 9577 1 27 150
6298 7249 2 1 7
3444 4555 1 18 139
7177 6001 1 7 95
7187 1920 2 8 45
619 3896 1 18 25
934 3928 1 2 9
10305 3252 1 9 79
3993 996 2 4 63
6825 5858 1 1 11
4034 934 1 1 14
11221 10147 1 15 155
7700 4423 1 9 51
6114 6974 1 2 21
3835 8691 2 14 194
11 9017 1 6 57
10543 9340 1 1 13
5876 6693 2 9 51
5041 4054 1 36 351
6542 9492 1 14 205
2912 10066 2 1 12
2623 1820 1 12 81
6265 3328 2 2 21
1757 2636 1 11 87
10854 1565 1 142 233
6950 5682 1 19 38
4415 1033 1 3 39
709 3761 1 5 35
2851 9567 1 54 368
6085 10922 1 52 335
3879 573 1 14 79
4577 3525 1 1 22
9050 8019 1 7 37
260 3641 1 81 628
812 8217 2 26 36
2800 5728 1 27 189
4852 7809 1 45 72
8857 8218 2 4 47
6330 11184 1 4 51
7647 8418 1 13 46
574 3865 1 299 415
6269 11255 2 23 40
1770 6656 1 2 30
10969 10200 1 22 139
7147 2270 1 87 131
4382 9011 1 6 76
11282 9974 1 1 18
180 1178 1 9 20
4362 5143 1 4 34
3544 671 1 7 91
5791 6598 1 12 114
8426 3793 1 4 43
6638 1784 2 1 12
1132 8162 1 39 347
4527 3777 1 188 519
6131 11302 1 12 62
9538 6893 1 51 317
2758 9473 2 12 122
5659 6473 1 8 112
6269 7084 1 3 42
2595 1770 2 8 112
5377 8240 1 2 21
6265 10967 2 5 38
3956 5203 1 3 33
6350 3033 1 11 118
1008 8055 1 7 89
5881 6651 1 19 213
2210 7139 1 9 135
9577 2367 1 9 102
5162 4382 1 12 130
10102 2927 1 39 188
3940 9120 2 23 129
6656 1803 1 6 36
4054 5348 1 14 71
1638 6542 1 15 62
5397 4146 1 13 185
0 1079 2 13 113
7592 4718 1 9 127
671 3609 1 7 101
9545 2801 1 114 159
3300 6132 1 2 31
7791 4540 1 5 54
9044 4336 1 304 532
52 5299 1 14 106
2949 2192 1 9 48
3328 2045 2 12 146
7801 4524 1 6 70
6755 9415 2 3 43
9506 10726 1 9 73
7406 1955 1 11 79
2531 1795 1 16 142
1648 2400 1 104 144
35 5239 2 19 194
2192 2921 1 37 354
3676 340 2 17 135
10451 5712 1 23 102
10066 3307 1 45 372
1044 3991 1 3 48
7193 2222 1 9 125
7897 8522 1 9 81
6635 1788 1 1 2
9244 8209 1 2 29
6876 1496 2 12 122
180 9271 1 48 67
6015 3197 1 59 82
7789 8396 1 1 22
816 8271 2 10 147
1044 70 2 12 101
2147 7031 1 14 184
6090 11292 2 4 28
9251 8199 1 21 296
9888 7250 1 14 193
5978 7272 2 8 106
9952 7447 1 1 17
6520 5709 1 1 6
7409 9975 1 18 104
9137 8062 1 7 81
628 7720 1 9 92
9271 8091 1 1 21
8312 9036 2 20 199
5634 10698 1 8 122
7089 10084 1 48 192
7277 2006 1 37 337
9854 11282 1 2 39
3418 8722 1 7 98
11264 5958 1 21 298
7550 695 1 6 47
6885 9401 2 7 100
10506 5712 2 9 91
7420 5995 1 5 82
4840 3423 2 7 110
11211 6148 1 23 223
2807 1283 1 10 145
2851 5495 1 2 19
9538 2702 1 1 18
3949 1178 1 15 69
10469 1787 2 3 37
6656 1677 2 3 18
6993 2218 2 6 47
10696 5609 2 33 164
6037 7437 1 18 220
9090 4059 1 4 55
9123 149 1 3 38
9394 6950 1 4 65
4862 3420 2 10 82
4603 3670 1 4 39
3366 1923 2 5 55
4056 1043 1 1 17
4445 3835 2 10 132
9909 11264 1 1 14
6113 11211 1 4 59
7139 10196 1 12 152
2762 5508 1 24 146
2001 3266 1 6 43
10224 2958 1 4 68
3949 9271 1 1 20
1438 6833 1 9 79
6587 1631 2 22 82
9612 2573 1 10 81
7629 619 1 7 67
9244 4029 2 6 53
7380 9909 1 8 71
5907 2374 2 33 75
3307 9869 2 1 7
3837 379 1 103 158
1551 10545 2 6 59
3220 1958 1 10 150
1750 10437 2 4 22
11130 6115 1 6 94
9638 2536 1 9 48
919 8263 1 3 41
10572 1540 1 13 152
2443 9677 2 2 36
4489 3841 2 10 147
1827 7448 1 6 84
7984 290 2 4 47
9401 10787 2 13 113
11240 9909 1 19 172
7437 9857 1 10 68
97 5351 1 32 345
3181 6137 1 15 143
9479 10660 2 21 170
5601 2673 1 35 149
2126 7147 2 3 29
2367 1788 1 4 42
5351 3837 1 3 34
10281 10787 1 130 181
6651 10013 1 5 54
6927 6396 1 8 108
9678 11221 1 5 67
10268 2807 1 12 83
6285 10690 1 22 137
10066 10586 2 1 7
4951 3411 1 17 43
2573 2047 1 14 112
4143 4668 1 68 291
2284 10796 1 39 132
4558 4056 1 4 52
10690 6293 1 11 161
3511 5002 2 8 74
9254 3826 1 85 118
6561 1900 1 8 75
10782 10224 2 10 37
11250 9678 1 9 126
10037 6644 1 3 35
10939 9427 1 6 88
1900 2444 1 26 255
3700 5201 1 11 166
1525 11042 2 55 147
2708 6278 2 4 52
1803 7420 1 2 11
5508 7067 1 13 126
10917 5429 1 12 84
9631 7219 1 3 26
2786 6396 1 6 81
4264 541 1 14 157
3297 5876 1 17 150
10545 6077 1 13 145
5575 11080 1 8 104
1631 3155 2 7 107
3676 5237 1 8 69
6818 10137 1 10 82
4059 8522 1 4 53
4315 4879 2 2 36
10608 10157 1 1 13
10268 6932 2 11 92
9334 2995 2 31 249
9416 6965 2 3 22
8527 184 1 15 132
1968 10587 1 45 297
6913 10268 1 18 256
3896 1132 1 3 52
3155 5760 1 15 140
8839 7615 1 25 91
1772 7370 2 13 181
5174 7624 1 10 48
1795 11233 1 21 295
433 4130 1 7 94
1741 11302 2 30 184
6606 2040 2 2 17
6114 6635 1 2 15
1788 7366 1 3 27
7609 9044 1 44 214
1167 7789 1 64 201
283 4066 2 5 64
3549 4936 1 21 222
2270 6791 1 22 144
9253 7789 1 4 58
788 7645 1 13 142
1094 3869 1 8 62
4280 8822 1 4 50
7272 1772 2 7 74
9452 2912 2 1 19
5896 3266 1 28 194
11177 5860 1 9 68
6855 2126 1 17 248
7447 9666 2 5 23
10967 1493 1 184 270
4259 8801 1 12 146
6818 2269 1 19 27
382 4130 1 9 133
11080 9388 1 18 102
9506 7084 2 6 67
1105 7947 2 16 85
8426 8217 1 63 158
2541 6037 1 25 234
3423 936 2 11 119
1515 7056 1 20 90
10781 6188 1 9 138
7918 9056 2 7 98
6480 9939 1 3 44
8993 7611 1 7 74
4130 367 1 6 83
10725 2128 1 1 18
2047 2426 1 8 32
10982 5477 2 5 77
10625 10245 1 15 217
8091 505 1 3 25
92 4644 1 10 127
6988 5575 1 7 91
9120 3918 1 9 96
6037 2524 1 21 272
1709 3242 1 9 122
6122 10347 2 6 88
9394 3027 1 6 72
2885 9506 2 5 80
9472 3019 1 1 7
7801 5410 1 10 98
5789 7361 2 6 44
9465 7081 1 22 142
7803 9286 1 1 22
10380 9996 1 42 170
6709 6406 1 14 41
1832 2573 1 7 29
6001 2506 1 22 83
7415 9618 1 2 21
5477 3119 2 6 89
3602 8891 1 16 122
801 7732 2 4 52
3574 8895 1 25 69
9064 3909 1 13 71
8602 4382 1 1 19
5876 3181 1 31 107
354 176 2 35 394
918 3503 1 18 257
1741 11035 2 14 107
4214 8357 1 11 104
3726 8869 1 3 54
5148 3879 1 4 59
6874 1980 1 4 55
9770 11080 1 13 111
10787 9978 2 14 114
7044 1611 2 14 160
5588 7370 1 146 203
7362 5555 1 82 714
9201 3544 1 17 241
4936 3683 2 5 72
7239 1315 2 3 24
7147 9757 1 8 84
3683 4951 2 3 34
8060 561 1 8 112
3017 5756 1 1 12
6948 6148 2 12 128
5239 3511 2 6 74
1445 3300 1 4 20
2536 10221 1 5 47
4803 8091 1 7 53
6772 6037 1 53 171
7050 1638 1 10 88
3991 650 1 4 57
7900 5083 2 3 23
5795 11035 1 5 57
5277 3444 1 37 118
3706 873 2 27 124
11176 1279 1 1 19
3239 5455 1 19 169
3337 9545 1 1 4
5773 2922 2 28 85
3734 4951 1 10 142
7854 4969 1 3 39
5865 3053 1 1 18
2882 5733 1 8 105
5704 2989 1 24 164
3837 977 1 6 72
10347 10155 2 12 39
5178 3835 1 36 431
6278 10400 1 25 136
3793 812 1 24 154
10424 2080 1 52 483
7565 1047 1 3 46
2565 6350 2 11 106
9620 7004 1 18 150
1175 7700 1 17 215
4046 4910 1 31 316
6188 10467 2 27 156
8370 8272 2 3 28
6335 2371 2 1 5
8248 8687 1 1 4
8935 7993 1 55 773
4279 498 1 3 40
9517 3239 1 4 42
2664 9989 2 14 92
9467 11144 1 2 40
97 4890 1 9 59
1167 3444 1 33 231
2843 9884 1 10 145
7262 9467 1 4 23
1751 10930 1 4 38
7366 9373 1 16 156
10696 10064 1 12 117
10324 10463 1 23 128
10663 10013 1 1 25
9343 7385 1 2 35
8634 4146 2 1 15
1677 11064 2 6 66
5947 10782 1 12 125
5638 3220 1 3 17
9473 3157 1 10 80
9306 7565 1 35 114
2643 9935 2 12 125
2718 2009 2 25 148
9832 6869 1 2 24
10197 10543 1 1 8
820 3804 1 2 4
4843 8006 1 7 81
2207 6479 2 7 50
9373 11240 1 13 188
2533 2086 1 32 393
8569 8266 1 39 130
2623 9967 2 2 21
9415 3366 2 13 114
2080 2533 1 25 355
10831 9888 1 16 76
10463 10298 1 4 65
3053 9639 1 42 342
9974 6818 1 8 100
6069 6789 1 5 47
10698 6090 1 3 39
9925 10661 1 12 143
4146 8597 2 11 116
4725 4157 2 42 250
9353 3366 1 20 194
3057 5773 1 13 177
2202 10518 1 18 240
7081 9728 1 7 72
5898 2925 1 19 98
9056 7693 2 3 42
3431 5417 2 10 146
2009 6729 1 9 67
8126 4822 1 18 81
573 8218 2 5 79
9212 7609 2 2 10
5858 10884 1 4 35
1772 7031 1 16 161
2645 9997 1 15 47
1916 10773 1 7 47
2807 1900 1 9 41
1698 3017 1 8 54
3879 8857 2 7 64
10661 9978 1 7 74
7755 5175 1 13 109
5417 3423 2 8 89
2276 2382 2 14 115
7947 4978 1 46 102
2884 8827 1 2 23
1118 3263 2 19 193
6606 8496 1 30 424
5306 11222 1 1 18
2925 4978 1 10 95
11091 974 1 55 201
2013 227 1 8 80
889 7057 1 20 112
6596 4612 1 32 99
4059 2001 1 40 95
1471 3641 1 43 395
4264 10197 1 35 260
9251 3307 2 1 9
9184 3242 1 15 165
535 2638 1 18 170
10646 530 1 18 66
541 6729 2 3 40
2885 4993 1 9 86
8066 1827 1 5 45
6692 8521 1 25 346
7947 5898 1 7 100
8673 2645 1 7 71
8418 10376 2 2 19
4325 2305 2 1 20
8027 1916 1 11 160
3057 974 2 17 127
9135 3155 1 8 61
9163 3168 1 21 78
7338 5380 2 108 750
10952 816 2 11 112
8645 2601 2 5 46
4029 5978 1 5 71
10440 8371 1 13 165
1927 8055 1 12 179
9373 7592 1 68 170
5785 3700 2 11 88
10790 4910 2 29 237
3248 1012 2 42 58
8869 2995 2 8 124
936 11064 2 3 43
4972 10917 2 8 68
3242 9120 1 29 204
5248 7250 1 11 159
1855 8090 1 32 294
7262 1094 1 1 16
1784 7925 1 13 177
4029 5950 2 2 21
228 1980 2 14 117
1855 90 1 13 154
10726 8814 1 1 15
11221 9313 1 9 112
1094 11144 1 6 28
8019 1925 1 7 65
3956 9884 1 6 59
7645 1515 1 6 51
2508 8547 1 4 5
5046 2882 1 48 220
1047 11176 1 3 42
6932 4822 2 9 118
7592 1511 1 94 130
6993 8965 1 1 14
530 10726 1 1 20
9728 7794 1 2 26
8843 3053 1 3 48
3020 4946 1 10 148
550 10748 1 7 60
851 7147 1 6 96
4799 10839 2 7 80
1435 7538 2 1 9
6561 8569 1 10 88
1319 7667 1 7 108
9290 11170 1 3 13
3706 1749 2 16 149
10318 8263 1 183 254
9623 7954 1 12 169
3248 1189 1 15 197
10400 429 1 7 59
522 2435 2 1 12
603 6932 2 11 72
8093 10059 1 9 136
7519 5588 1 1 10
8218 9916 2 21 84
209 1927 1 12 127
10059 90 1 46 302
10354 433 2 1 20
9989 3940 2 7 100
3027 824 1 11 125
6539 491 1 4 53
7615 5601 1 12 132
5789 3858 1 1 8
633 10759 1 5 74
498 6480 1 2 40
8691 6869 2 4 58
4706 6892 1 12 116
4271 6335 2 1 1
5634 7550 1 9 71
10698 4852 1 44 177
3197 5410 1 10 110
7348 9158 2 9 88
7510 5605 1 42 324
367 10483 1 2 20
343 10526 2 3 46
788 7177 2 36 101
10873 9044 1 2 23
64 6132 1 40 257
3467 1488 2 1 13
5609 3467 2 14 107
3858 5709 1 8 78
9184 11222 1 6 19
1043 7415 1 1 19
2248 8272 2 13 112
11250 918 2 2 29
8241 10324 1 8 76
3720 1318 1 21 292
7758 9334 2 15 57
3777 1366 1 24 289
1316 3726 2 12 168
8608 10380 1 10 102
3020 1146 1 7 65
9158 10917 2 7 64
2009 4374 2 6 62
9148 7053 2 3 19
10969 1105 1 13 159
1692 3558 2 7 78
6709 283 1 13 143
1982 4315 2 6 80
2987 5238 1 9 43
7693 5897 1 12 167
4687 2374 2 3 29
4583 6876 2 4 61
9441 7900 2 26 172
5661 7534 1 106 148
1780 3653 2 1 18
1132 3058 1 11 45
5401 11046 1 17 154
7984 9516 1 1 9
3609 5897 1 2 21
2572 767 1 25 352
1012 7008 2 66 110
3726 9343 2 15 129
6885 517 2 19 272
3665 1319 1 6 58
557 6449 2 3 39
3257 8913 1 7 74
1471 7993 1 13 181
5203 7008 2 1 18
7557 1676 2 6 47
10586 4879 2 3 20
8687 10412 1 14 201
3058 1158 1 4 36
8000 6243 1 20 232
6893 8481 1 5 72
4422 10660 1 21 223
9017 7359 1 9 92
1751 7624 2 4 26
8152 2270 1 15 123
3119 1148 2 7 50
11222 5143 1 1 12
3558 1765 1 12 124
1124 6993 2 6 86
3257 4980 1 2 35
8062 2165 1 13 164
497 2800 1 9 129
1016 7067 1 8 121
8627 6535 2 16 143
4411 9952 1 2 18
10301 180 1 38 309
10759 471 1 6 68
2778 4668 1 20 165
5455 7854 1 17 227
5113 7403 2 11 157
10886 5260 1 1 9
7420 5089 1 25 139
471 10790 1 23 226
9325 3793 2 8 122
10406 578 1 19 240
5881 7584 1 1 19
10873 9212 1 41 217
3239 5154 1 1 23
9807 4294 1 66 91
6085 4230 1 19 127
3714 9473 1 20 164
4718 2531 1 21 132
10036 4289 2 6 87
9134 11071 1 1 23
10931 1246 2 24 99
3503 9792 1 32 213
5381 10952 2 24 335
11184 9047 1 13 142
8561 6800 2 14 118
1608 7729 1 16 174
3431 1741 2 6 51
4241 10042 2 17 82
9517 7854 1 8 112
7056 9306 1 64 89
6752 389 2 25 79
2801 263 1 1 11
2485 8634 2 1 8
6535 684 2 3 44
8494 6793 1 10 50
8466 10660 2 17 149
3653 1590 2 12 127
7366 874 1 1 3
1279 7959 1 3 46
6352 8126 1 18 181
3678 1496 1 2 24
10318 16 2 10 151
10839 320 1 23 155
1116 3057 2 6 85
6077 4259 1 5 47
3670 5616 1 9 138
6968 9281 1 15 101
7315 5098 1 64 239
9306 2944 1 15 115
11091 9090 1 14 132
1540 7720 1 5 80
10718 8486 2 3 49
5455 3909 1 26 224
2374 8788 1 4 56
6479 742 2 1 7
7239 948 1 384 534
11035 1086 2 5 57
9148 11029 1 64 89
9492 3734 1 36 200
4921 2343 1 32 73
9163 6801 2 12 118
4445 10873 1 58 220
10064 3653 1 7 92
10748 1146 1 29 291
5429 8006 2 9 58
6869 5355 1 5 43
11233 682 1 10 140
2070 3665 1 6 89
3202 8645 2 1 15
10653 1043 1 14 19
4500 7044 1 14 136
7437 8766 1 4 57
10781 1167 1 11 100
4938 10380 2 30 213
6473 8828 1 4 28
3558 1982 2 22 165
8833 10380 1 10 106
8749 3300 1 10 117
6800 1116 2 17 141
4472 2904 1 5 67
4890 7451 2 7 62
1898 3529 1 2 30
8006 1315 1 9 130
5439 8066 1 2 6
4486 10967 1 10 111
1395 8192 1 21 282
9207 10781 1 7 104
8272 1551 2 71 189
4662 11029 1 2 21
574 7315 1 7 91
320 10969 1 13 84
7990 2248 2 13 90
5316 2814 1 3 20
4296 1765 1 22 78
5234 6709 1 7 39
7936 10209 1 3 28
5401 10773 2 66 240
350 6968 1 11 113
8217 1395 2 4 13
2367 889 1 6 43
2867 9244 2 3 30
5601 174 1 8 86
1033 6833 1 10 125
4749 11133 1 4 49
9618 4264 1 17 104
10588 5083 2 18 205
8768 7366 1 2 26
8602 7277 1 24 239
9207 10831 1 13 130
4555 7182 1 22 156
10543 5091 1 5 16
4071 5638 1 51 413
5095 2572 1 8 43
2426 814 1 17 194
3222 574 1 33 287
8463 11096 2 6 37
11071 8494 1 8 54
8627 7397 1 7 99
3086 4477 2 12 145
8645 7408 2 6 64
7359 550 1 14 206
5896 4280 1 3 42
1211 10672 1 8 73
578 3337 1 2 21
9790 8319 1 19 148
3761 10305 1 14 137
10572 5027 1 22 102
11264 4718 1 12 92
8698 7223 1 4 48
7311 8820 2 12 172
8546 7044 2 6 82
7081 8555 1 5 72
8530 7050 1 10 141
8466 6988 1 12 178
10787 5216 2 31 247
10545 8891 2 2 23
10555 5012 1 15 118
5597 97 1 9 23
3127 8454 1 6 82
7250 8749 1 16 137
834 6606 1 31 251
9384 8162 1 38 286
2758 5216 2 33 192
9465 8066 1 1 17
9334 174 1 3 54
758 3222 1 3 54
702 3158 1 4 68
3911 2147 1 34 299
7990 2147 1 18 159
10323 7809 1 17 131
4662 7053 1 11 90
834 6598 1 1 23
260 3063 1 14 137
7223 4862 1 1 7
5299 2828 1 6 72
9583 4334 1 16 234
401 2922 2 4 53
2506 8839 1 19 175
6549 9009 1 35 155
4625 7081 1 9 76
3909 6243 1 16 106
6293 3865 1 4 39
452 2882 2 63 298
3529 6128 1 12 60
4524 7171 2 2 32
8946 10403 1 10 139
4980 2479 1 2 36
8915 10555 1 4 62
8895 10572 1 10 65
684 3181 2 19 126
11263 535 1 8 74
5216 2762 2 10 60
3582 5947 1 15 102
3215 768 1 10 108
9854 3544 1 48 527
2828 5201 1 35 173
3420 2020 2 35 110
4259 5795 1 14 199
10157 3822 1 1 22
5260 10754 1 7 100
10314 7766 1 7 106
2601 5384 2 11 88
8561 2922 1 52 208
8233 5477 2 2 23
3928 5614 1 129 805
11159 757 1 4 28
1012 6892 1 29 160
5154 2341 2 14 163
7611 6085 2 19 175
283 7154 1 42 246
3511 1985 1 14 139
9935 3508 1 8 84
7173 4468 1 10 137
4374 9618 1 11 128
1709 8312 2 2 18
8055 9517 1 122 169
433 10922 2 23 123
3822 2169 1 75 273
6968 8569 1 7 69
11302 573 2 2 36
90 9472 1 6 51
1525 11 1 24 150
7959 2112 1 7 93
9583 31 1 6 44
4799 10969 1 11 153
6327 7647 2 8 78
9056 10347 1 27 324
2020 7936 1 6 79
90 9638 1 4 48
4238 9377 1 12 175
8209 1757 1 1 9
8371 3197 1 9 129
8417 11177 1 2 13
9064 2341 1 20 288
8546 7406 1 66 128
3215 350 1 15 88
9279 6644 1 46 240
372 3252 1 18 112
2671 8857 2 41 57
7187 4921 1 82 178
1217 2541 2 41 220
2989 8691 2 4 61
483 11294 1 8 122
7897 2001 1 4 58
3252 8389 1 2 36
4696 2941 2 22 234
2382 5203 2 22 32
4698 2949 1 1 18
7448 4625 1 5 44
8241 1751 2 17 109
3222 357 1 28 231
1013 2374 1 2 22
1985 3804 1 16 232
5958 3678 1 1 14
31 5704 1 7 87
1158 10506 2 12 175
4942 6755 1 20 63
4583 7380 1 14 179
3855 9929 1 1 12
2443 9163 1 35 278
2524 9207 1 63 356
4769 2921 1 63 700
4392 9469 2 11 146
8547 7361 1 1 13
8473 11292 1 4 40
824 6825 1 2 30
9989 3918 1 16 123
8375 11211 1 1 7
4421 3222 2 55 287
3826 6128 1 22 200
7219 353 1 4 62
8055 9644 1 7 73
3621 2207 2 25 315
7729 6350 1 12 78
11085 8732 1 9 125
2047 3855 1 16 89
4144 1750 2 8 122
8152 9757 1 7 87
11144 4527 1 21 256
561 10925 1 8 98
7379 8533 2 19 114
9880 3720 1 1 25
10672 8874 1 2 14
9135 2371 1 10 75
6077 3911 1 10 102
1982 7967 1 18 168
10796 5095 1 3 36
7720 2217 1 1 23
7993 9941 1 1 12
6406 3556 2 12 93
7249 354 2 6 96
3855 9997 1 9 13
7918 6122 2 24 313
4468 11168 1 5 57
7404 452 2 7 101
8312 1527 2 9 74
1487 4260 2 1 2
10782 4980 1 8 119
760 10949 1 6 69
10102 3558 1 14 131
7534 10252 1 15 103
4687 7089 1 89 195
1520 4271 2 6 43
4294 5439 1 7 91
637 7177 1 15 194
1438 4219 1 91 126
4969 2801 1 2 18
3940 1709 2 18 204
4951 6848 2 28 193
4946 2778 2 102 228
9044 6814 1 4 42
10155 7693 1 75 316
5002 2828 2 5 54
2814 5018 1 8 121
4500 7406 1 7 75
812 2808 1 3 41
9134 2565 1 160 225
7538 10227 2 3 19
3411 6330 1 16 226
8218 5785 2 33 196
628 7154 1 20 177
8551 7277 2 2 24
2129 7624 2 8 118
5616 4279 1 3 47
70 1821 2 2 38
8965 2623 1 16 126
10437 9290 1 23 68
8597 3127 2 12 139
1759 8000 2 3 38
9279 10371 1 6 96
8486 3248 2 34 59
8898 10725 1 80 228
3826 1898 2 3 51
974 6752 2 1 17
11233 4489 1 34 188
5046 2786 1 35 329
3605 10165 2 9 80
9757 8060 1 4 62
5143 10653 1 60 365
5148 2671 2 4 62
1654 4046 1 7 101
10451 1132 1 27 255
10059 3682 1 9 79
6213 3613 2 5 62
10917 4843 2 16 59
10526 5260 2 14 203
11046 8608 1 227 316
515 7214 1 13 141
9805 7984 1 3 40
9941 3769 1 10 66
7828 1973 1 67 186
1390 8311 1 6 71
7936 9863 1 4 30
1086 10518 2 20 50
2187 7629 1 3 36
4160 1551 1 6 81
4477 9384 1 2 25
7239 4214 2 2 38
7828 6793 1 7 95
6542 3503 1 8 85
7415 4374 1 10 138
1189 2276 1 7 107
4645 5637 1 41 58
2541 3613 1 6 71
873 6031 2 19 158
10197 9184 1 1 20
16 2884 2 13 74
11029 176 1 14 170
2170 9196 2 18 121
5012 1912 2 1 21
7584 2462 1 4 29
2157 9137 1 16 221
5575 4612 1 10 138
149 3043 2 11 163
2912 0 2 23 178
4411 7447 2 1 13
227 11096 1 3 32
5931 812 2 28 110
1148 6350 1 8 119
7362 4336 1 34 414
9677 4842 2 13 185
7139 4056 1 10 152
1086 2202 1 21 187
10196 5248 1 26 244
10587 7684 1 46 540
1927 8898 1 5 57
9479 8466 1 16 145
2673 7758 2 6 91
10412 7615 2 11 165
10831 7962 2 10 77
11222 4362 1 2 30
5588 4662 1 3 40
5031 9854 1 6 50
6825 7791 1 16 126
10221 1211 1 1 15
3869 10754 1 5 27
561 1674 1 8 67
9120 2169 2 2 15
9603 4803 1 11 161
7667 2595 1 9 54
8993 6085 1 9 135
8450 1279 1 15 100
8732 5853 2 2 28
4143 3020 1 5 44
5995 820 1 5 64
4421 1356 1 6 96
2925 3977 1 8 116
8328 9416 1 3 44
6682 7645 1 13 90
10982 8233 2 7 88
3714 10661 2 15 86
10922 8062 1 28 324
1611 8620 1 25 138
9472 8547 1 5 46
8060 10925 1 4 49
8822 1674 1 11 68
9606 702 1 15 91
9925 8827 2 19 143
9469 292 1 8 92
9384 4603 1 7 83
9941 801 1 8 71
6596 3433 2 19 194
10787 3714 1 15 166
2007 851 1 2 29
9416 522 1 5 71
5429 4562 1 7 70
6793 7936 1 32 44
3822 10608 1 3 21
2645 3855 1 3 48
1925 9047 2 21 232
9599 709 1 2 31
767 1654 2 3 43
8828 1968 1 1 21
2995 8248 1 9 130
6692 7584 1 173 240
1315 4562 2 13 113
874 6114 1 2 21
5508 517 1 4 66
5502 522 2 8 27
4541 1487 2 1 11
4804 9606 2 2 18
5018 10036 1 6 74
1958 4967 1 5 21
10690 7954 1 7 50
3977 11085 1 4 26
2204 9123 1 17 233
491 5502 2 1 7
1739 4687 2 2 33
8466 9377 1 6 51
7809 10724 1 10 147
1356 8496 1 83 115
9212 10157 1 8 102
4260 3297 1 5 69
2269 1007 1 1 4
5605 4422 1 24 99
2202 1175 1 17 56
11042 11 1 12 172
7053 4061 1 43 137
7008 4144 2 14 176
1995 5027 1 45 170
4468 5634 1 9 68
10726 3756 2 3 53
5121 9832 1 5 48
4486 1416 1 10 68
3160 4411 2 1 7
2169 5306 1 48 356
9350 8560 2 4 41
3082 8093 1 19 111
1407 357 2 6 51
7171 3956 1 4 49
5860 574 1 31 123
6132 9279 1 9 52
3220 3993 2 12 171
8788 5616 1 19 184
1079 9869 1 19 273
7854 10451 1 10 146
3433 10625 1 18 168
1382 4799 2 4 48
2382 7801 1 1 12
10526 7918 2 20 114
10376 3676 1 2 40
3444 2643 1 2 22
5014 6242 1 12 73
6913 7700 2 2 23
10084 8843 1 3 23
4910 1525 2 4 39
1099 5994 1 4 44
8481 9677 1 22 255
9377 557 2 12 148
1079 9880 1 7 99
6396 5178 1 9 58
10314 8993 1 4 64
3053 4294 1 6 84
4238 6988 1 3 47
10952 8271 2 44 269
5434 4725 2 1 4
7962 2595 2 20 97
1924 5234 1 4 50
8527 5898 1 10 92
3670 6480 1 14 207
2987 4260 1 2 41
679 9469 1 14 131
1784 491 2 3 18
7609 2664 2 29 105
5712 4530 2 3 40
6693 7557 2 1 9
11221 8199 1 8 79
7219 70 1 33 137
10352 3734 1 13 194
791 10165 1 7 50
4978 10200 1 24 74
1283 603 1 8 50
8533 1703 2 1 25
170 11292 2 11 111
10660 3433 2 12 175
6789 3418 1 54 75
1611 287 2 18 203
4450 5728 1 14 142
2157 4936 2 1 16
292 1608 1 7 29
1402 758 1 4 20
7385 8209 1 2 29
5342 2006 1 121 742
3467 6800 2 17 228
7624 6919 1 3 28
3033 4392 2 13 165
6115 9244 1 12 52
10608 7609 1 8 102
767 1397 1 2 17
5733 8375 1 7 63
1511 682 1 34 172
1407 758 1 35 243
5661 8450 1 34 192
7954 10506 1 20 95
637 1515 1 7 100
7584 2851 1 1 17
7397 64 1 23 156
8749 5485 1 9 129
767 9432 1 7 46
354 1772 1 10 150
8454 9790 1 16 102
2170 5174 1 1 7
3928 11235 1 2 37
2922 4335 2 5 59
10987 4200 1 48 67
80 7415 1 59 412
1955 9064 1 9 72
5014 2284 1 40 150
5143 10197 1 3 19
8240 11168 1 14 85
682 9373 1 17 134
483 9672 1 6 80
1926 5381 2 12 160
5380 1926 2 20 188
3896 10406 2 2 15
1821 353 1 27 153
6598 7803 1 1 23
9832 5355 1 4 31
9011 2166 1 22 229
1318 4804 2 1 15
8869 2204 2 78 353
2927 4315 1 8 93
550 1435 2 8 71
8801 9401 1 68 173
1795 354 1 9 70
4230 10987 1 21 133
1496 4712 1 12 69
3503 2778 1 40 141
1985 1118 1 4 55
263 1759 1 9 129
2702 3549 1 19 206
3564 2708 2 2 26
1493 550 2 3 29
10595 7803 1 13 106
8521 9567 1 24 276
5733 396 1 15 153
9516 4696 2 3 51
4936 10298 1 17 241
4477 5907 2 4 40
8913 10224 1 3 42
4645 1593 1 3 46
3858 10364 1 1 6
5897 4472 1 7 66
1692 8407 1 11 159
3043 8258 1 4 65
948 2074 1 50 209
9427 4843 1 5 66
2217 8895 1 88 122
505 9603 2 8 114
7538 6893 2 5 57
3157 8241 2 2 23
4540 1703 1 20 135
6406 791 1 7 54
5439 760 1 13 137
10354 7978 1 12 178
6242 5095 2 4 38
7925 6539 1 33 116
5277 9935 1 4 39
4334 10939 1 4 54
9857 1217 1 7 78
1175 1912 1 12 127
7089 4279 1 29 89
977 10084 1 23 117
5760 8486 1 26 158
6148 8546 2 6 67
9517 5154 2 8 37
4111 6638 2 2 30
1527 9036 2 10 90
8402 1898 1 8 121
8766 10301 2 46 64
7794 11159 2 3 25
9672 9181 1 4 57
2708 8266 2 13 169
4127 2541 1 12 98
1787 5380 2 21 158
5381 1787 2 14 188
1676 9181 2 10 144
290 9805 1 2 28
5994 343 1 35 209
4822 10268 1 2 40
9997 4645 1 3 34
9377 8839 1 6 67
4712 2126 1 5 66
396 9974 1 36 365
522 2020 1 17 69
8199 10586 1 74 189
350 1932 1 6 95
8496 6069 1 2 32
4415 6883 1 7 81
1980 405 1 6 80
4334 6939 2 4 51
10013 4577 1 1 18
8062 10463 1 7 101
9106 1674 1 38 151
9388 788 1 29 88
4260 6693 2 34 209
8801 10281 2 2 33
8946 9516 2 49 214
3556 7154 2 18 240
5397 5791 1 1 15
11096 7647 1 58 180
7370 7990 2 1 2
1565 9134 1 2 35
10042 405 2 6 24
505 1958 1 1 4
2192 4698 1 2 12
10371 8126 1 51 70
2070 4782 1 20 249
6085 471 1 44 208
8162 6678 1 2 22
8555 6084 1 15 151
10646 8258 1 3 34
9036 9441 2 3 35
7031 7565 1 12 113
3158 3794 1 2 12
9805 4541 2 24 342
5027 5451 1 2 39
4612 9996 1 8 103
7615 2885 2 23 159
9313 1679 1 14 76
9452 4942 1 72 165
6174 4541 2 3 41
7791 7397 1 17 122
1443 834 1 3 40
1765 1096 1 13 109
9631 9281 2 28 82
5355 9599 1 1 17
9606 9251 2 1 13
4362 2725 2 7 110
209 10448 2 6 89
2371 8152 1 7 46
5091 9340 1 1 18
3794 3360 1 2 36
6069 4472 1 6 76
5355 9583 1 11 160
5201 1749 2 8 83
3756 11343 2 9 90
9790 1099 1 10 138
2814 4289 1 20 178
4861 2070 1 19 112
6327 4706 2 33 341
10437 228 2 12 134
2305 8602 1 37 436
2006 260 1 14 146
1780 1034 1 18 262
4289 2800 2 1 27
4644 5958 1 15 96
5795 1086 1 1 23
7361 7828 1 1 14
5238 1698 1 101 140
11064 3431 2 15 51
2341 209 2 16 43
11168 3822 1 15 123
1158 9623 1 10 100
4668 1855 1 4 58
1397 851 1 65 230
650 6330 1 64 89
5138 5434 2 1 26
5175 5463 2 3 29
3017 3564 1 14 201
92 2531 1 40 299
5638 8833 1 42 139
814 1471 1 19 265
4219 6883 1 6 50
4938 5638 2 14 206
10147 702 1 28 132
6682 8027 1 10 146
4993 5614 1 21 112
603 6352 1 8 116
4842 2157 2 12 112
7611 10987 1 19 50
6729 4374 1 16 85
3804 3263 1 6 82
2343 251 1 43 61
497 5947 1 8 113
382 9925 1 9 78
6644 64 1 5 73
5307 5789 1 16 81
4971 9517 2 10 49
3252 3822 1 15 180
5412 5638 1 22 187
6230 8368 1 13 98
4972 5704 1 69 447
7311 3529 1 11 162
1703 8946 2 11 162
4530 6285 1 52 144
6904 4111 2 1 10
2165 382 1 1 10
2128 4455 1 6 45
2222 8472 1 7 96
9158 9427 2 5 58
5027 1611 1 29 295
10157 372 1 12 69
9620 8915 1 19 141
4046 10759 1 15 208
3665 7004 1 21 163
1866 4712 1 22 315
8904 1648 1 1 7
11046 3925 1 23 131
8258 10469 1 2 31
4144 2843 1 6 82
9334 9123 1 27 219
9196 9390 1 1 12
4644 10314 1 10 97
4971 9644 1 15 156
9106 9432 2 4 18
8396 6188 2 3 54
1866 633 1 10 117
8407 10102 1 10 97
4688 5989 2 11 72
8271 10376 1 85 838
2112 8450 1 3 48
742 6107 2 13 140
1146 9538 1 17 191
6122 8740 2 18 263
10754 8247 1 33 379
2086 4527 1 72 644
9366 1079 1 8 74
3726 10931 2 7 55
7406 3574 1 10 143
7809 2941 1 14 94
8266 10400 1 4 60
5384 1464 2 21 105
9286 1443 1 2 41
9340 9184 1 1 20
8820 1949 1 12 127
7510 11235 1 72 747
11159 3605 2 8 63
2248 8370 2 4 23
9623 5120 1 28 213
11294 7557 2 7 72
1487 5238 1 2 23
6793 4111 1 17 149
1765 8904 1 5 71
768 1932 1 5 82
2506 4238 1 8 61
5756 9050 1 6 70
3474 7362 1 69 642
9118 1411 1 19 78
4422 10245 2 22 99
1788 889 1 3 22
5952 4861 1 14 125
9939 578 1 13 62
2638 8152 1 3 51
1013 1438 1 63 87
709 9832 1 1 17
6128 628 1 4 57
1055 1395 1 28 208
9373 5316 1 4 52
11255 7510 1 6 64
9863 8698 1 3 30
4603 2187 1 8 85
633 6085 1 78 109
3063 3769 1 26 372
3918 10901 1 7 92
10298 8322 1 8 115
3841 7057 2 1 11
1690 851 1 7 69
1854 4921 1 6 88
320 10323 1 12 93
1679 918 1 9 127
2013 4706 2 18 251
3609 7239 1 76 644
4879 1870 2 1 9
5728 5092 1 26 79
3869 10886 1 8 69
5989 4837 1 12 57
10925 7897 1 1 14
3566 7315 1 27 383
2284 8380 2 109 152
31 6939 2 47 214
1246 9325 2 25 162
8766 9857 1 4 39
4946 9792 1 10 142
11292 7550 1 8 99
8634 1979 2 3 36
5451 5402 1 26 193
8600 2040 1 5 79
9467 1094 1 1 12
8820 9807 1 7 102
