830 1279 54000 1 28
48.8385 2.262
48.8531 2.28201
48.8497 2.26561
48.8475 2.27332
48.8544 2.27021
48.8486 2.26846
48.8453 2.25842
48.8482 2.25734
48.8581 2.26208
48.8566 2.28616
48.8443 2.25536
48.8596 2.26477
48.8528 2.27219
48.8534 2.26651
48.8651 2.28652
48.8514 2.27385
48.8537 2.27739
48.8363 2.25652
48.8693 2.2792
48.8576 2.26279
48.8498 2.25242
48.8639 2.27241
48.853 2.26189
48.8471 2.27442
48.8505 2.26027
48.8547 2.27922
48.8411 2.25506
48.866 2.26919
48.8579 2.28792
48.8363 2.25709
48.8385 2.25525
48.8432 2.26019
48.861 2.26701
48.8484 2.26659
48.8514 2.27286
48.8534 2.27092
48.8366 2.25648
48.8588 2.28463
48.848 2.25324
48.8702 2.2828
48.8558 2.26474
48.8479 2.25795
48.8466 2.27099
48.8504 2.2733
48.8374 2.25824
48.8393 2.2542
48.8478 2.25749
48.8364 2.25664
48.8469 2.27201
48.8487 2.27505
48.8516 2.27886
48.8666 2.27558
48.8558 2.28523
48.8615 2.27057
48.8642 2.27476
48.8644 2.27299
48.8437 2.25946
48.8455 2.26717
48.8513 2.27596
48.8523 2.28012
48.8665 2.27153
48.8623 2.26781
48.8654 2.28314
48.8395 2.26255
48.8485 2.25907
48.8358 2.2579
48.8617 2.28665
48.8556 2.27022
48.8592 2.28311
48.8568 2.27577
48.8375 2.2567
48.8549 2.28437
48.848 2.26408
48.848 2.26223
48.8347 2.26201
48.863 2.27218
48.8714 2.27414
48.837 2.2566
48.8566 2.28396
48.8593 2.2659
48.8588 2.27209
48.852 2.27415
48.8453 2.2588
48.8678 2.28085
48.8481 2.25872
48.8577 2.26354
48.8596 2.28074
48.8569 2.28058
48.8397 2.26297
48.861 2.28339
48.8456 2.26723
48.8532 2.28154
48.843 2.26006
48.858 2.28108
48.8583 2.2831
48.8582 2.27429
48.8554 2.28521
48.8627 2.26744
48.8653 2.28351
48.8538 2.27223
48.8367 2.26405
48.8528 2.2757
48.8638 2.27886
48.84 2.25631
48.8497 2.25218
48.8631 2.26867
48.842 2.26616
48.8515 2.25229
48.8426 2.26868
48.8716 2.27643
48.8751 2.27929
48.8419 2.26268
48.8387 2.25398
48.849 2.26631
48.8669 2.28429
48.8713 2.27266
48.8413 2.26373
48.8552 2.28252
48.8364 2.26379
48.8479 2.25657
48.8634 2.2875
48.8632 2.28783
48.871 2.27922
48.869 2.27359
48.8378 2.26273
48.8557 2.27263
48.8488 2.26593
48.8386 2.25487
48.848 2.25455
48.8692 2.27184
48.8552 2.26322
48.8555 2.26611
48.8415 2.26386
48.8522 2.27997
48.8587 2.2822
48.8719 2.27412
48.8384 2.25481
48.8656 2.28321
48.8413 2.26615
48.8719 2.27632
48.8643 2.27469
48.8471 2.26831
48.8501 2.27494
48.8533 2.27115
48.8671 2.2836
48.8684 2.2747
48.8475 2.26807
48.8469 2.25649
48.8528 2.27584
48.853 2.28121
48.8612 2.27931
48.8714 2.27747
48.8416 2.25479
48.8396 2.26279
48.8724 2.27601
48.8674 2.27032
48.8618 2.28499
48.8602 2.27329
48.8364 2.25681
48.8645 2.2698
48.853 2.27583
48.8663 2.27327
48.8453 2.26693
48.8544 2.27843
48.8513 2.27706
48.8453 2.25868
48.8617 2.27336
48.8385 2.25916
48.8508 2.25915
48.8631 2.26982
48.8479 2.26019
48.8509 2.2605
48.8479 2.25674
48.8504 2.27052
48.8624 2.2868
48.864 2.27239
48.869 2.27787
48.8591 2.27835
48.8362 2.25739
48.8399 2.2671
48.8477 2.27404
48.8562 2.2733
48.8486 2.25769
48.8654 2.28337
48.8618 2.2677
48.8589 2.28478
48.8512 2.25197
48.8556 2.28092
48.8527 2.28108
48.841 2.2624
48.8562 2.27316
48.8637 2.28774
48.8544 2.28375
48.8545 2.28139
48.8558 2.26913
48.8622 2.2775
48.8386 2.25502
48.8581 2.2752
48.864 2.27194
48.8474 2.27372
48.8609 2.27994
48.8475 2.25851
48.8573 2.27303
48.8348 2.26014
48.8668 2.27655
48.8717 2.27579
48.8586 2.28485
48.8589 2.2827
48.8452 2.2619
48.8626 2.26801
48.8624 2.27612
48.8636 2.2862
48.8533 2.27078
48.867 2.27895
48.8503 2.27036
48.8585 2.28428
48.8652 2.27041
48.8636 2.28163
48.8467 2.25601
48.871 2.2723
48.8619 2.27147
48.8623 2.287
48.855 2.26574
48.8532 2.27099
48.8614 2.26728
48.8444 2.25708
48.8639 2.27752
48.8644 2.27464
48.8516 2.26931
48.8416 2.26572
48.8491 2.27543
48.8696 2.27212
48.8352 2.26051
48.8497 2.26862
48.8665 2.27632
48.8746 2.27907
48.8508 2.26708
48.8673 2.27975
48.8624 2.28708
48.8436 2.26322
48.8524 2.26813
48.8655 2.2835
48.8562 2.28009
48.8642 2.27292
48.8445 2.27189
48.8599 2.27094
48.8352 2.25864
48.8479 2.25948
48.8362 2.26086
48.8454 2.25495
48.8516 2.26928
48.8422 2.26282
48.8496 2.27144
48.8527 2.26166
48.862 2.28653
48.8415 2.25611
48.8619 2.2861
48.8368 2.25618
48.8505 2.27534
48.8465 2.25623
48.8485 2.26658
48.8527 2.27595
48.8381 2.25635
48.8722 2.27514
48.8496 2.26838
48.8565 2.27469
48.8593 2.2774
48.8718 2.28094
48.8509 2.27768
48.8453 2.27158
48.8716 2.27927
48.837 2.25596
48.8621 2.26999
48.8628 2.27633
48.8544 2.27029
48.8631 2.28616
48.8465 2.27061
48.8652 2.28536
48.8711 2.27533
48.8554 2.27663
48.8398 2.25577
48.8484 2.26493
48.8376 2.25753
48.864 2.27182
48.8692 2.2738
48.8636 2.27841
48.8588 2.278
48.848 2.25257
48.8689 2.28003
48.8397 2.26719
48.8637 2.28769
48.8478 2.26513
48.8566 2.2662
48.8632 2.28542
48.849 2.26743
48.8382 2.25819
48.8606 2.27703
48.8576 2.27475
48.8683 2.27737
48.878 2.27764
48.8639 2.27927
48.8596 2.26612
48.8663 2.2862
48.8694 2.27638
48.8713 2.27567
48.8578 2.2802
48.8717 2.27404
48.875 2.2762
48.8396 2.26331
48.8711 2.27897
48.863 2.27261
48.8578 2.26292
48.8529 2.27191
48.875 2.27879
48.8473 2.26884
48.8581 2.28162
48.8414 2.25492
48.8695 2.27139
48.863 2.26916
48.8625 2.28692
48.8627 2.26646
48.848 2.26365
48.8383 2.25569
48.8581 2.2884
48.8411 2.25463
48.8442 2.25558
48.8455 2.26744
48.8603 2.27174
48.8431 2.26484
48.8365 2.25667
48.8557 2.28536
48.842 2.26276
48.8632 2.26846
48.8585 2.28463
48.8733 2.2811
48.8484 2.25917
48.8667 2.27168
48.8614 2.2723
48.8383 2.25728
48.8713 2.27616
48.8628 2.28097
48.8655 2.27066
48.845 2.26669
48.8595 2.26601
48.8454 2.25753
48.8584 2.27493
48.8469 2.25632
48.8514 2.26525
48.8565 2.27262
48.8514 2.26759
48.8372 2.25958
48.8381 2.25502
48.8528 2.26755
48.8487 2.26566
48.8497 2.27601
48.8368 2.25569
48.8475 2.2673
48.8393 2.26686
48.8361 2.25995
48.8534 2.27111
48.842 2.26414
48.8452 2.26348
48.8634 2.26766
48.8522 2.28021
48.863 2.28785
48.8721 2.2745
48.8486 2.26202
48.8641 2.28544
48.842 2.26596
48.8547 2.28332
48.8362 2.25649
48.8686 2.27418
48.86 2.2856
48.8359 2.25853
48.8555 2.26216
48.8406 2.2662
48.8755 2.27902
48.84 2.26746
48.8469 2.25442
48.8747 2.27894
48.854 2.2779
48.8462 2.27243
48.8425 2.26156
48.8656 2.26825
48.8727 2.28024
48.8623 2.28663
48.8372 2.25653
48.8477 2.27252
48.8457 2.25511
48.8413 2.25759
48.8378 2.25957
48.8395 2.25652
48.8569 2.27891
48.8475 2.26819
48.8644 2.28237
48.8408 2.26548
48.8542 2.27553
48.8409 2.26238
48.8371 2.26017
48.8479 2.25855
48.848 2.25731
48.8641 2.27233
48.8712 2.27907
48.867 2.2791
48.8747 2.27843
48.8643 2.27295
48.8726 2.27365
48.8362 2.25886
48.862 2.26763
48.8564 2.27271
48.8363 2.2563
48.8702 2.27535
48.8587 2.28464
48.841 2.26553
48.8512 2.26974
48.839 2.26549
48.8507 2.26718
48.8384 2.25566
48.8393 2.25472
48.8734 2.27725
48.8503 2.27034
48.8712 2.27206
48.8487 2.26351
48.848 2.2631
48.8545 2.28353
48.8507 2.27791
48.858 2.27751
48.8399 2.26643
48.8407 2.26502
48.854 2.26898
48.8572 2.27331
48.8518 2.27761
48.8384 2.25411
48.8666 2.28011
48.8491 2.26938
48.8476 2.27395
48.8626 2.26819
48.8424 2.25715
48.8742 2.27583
48.8565 2.28206
48.8417 2.25902
48.8453 2.26047
48.8614 2.28638
48.8509 2.27179
48.8548 2.2796
48.8499 2.26569
48.8531 2.26695
48.8593 2.26133
48.8637 2.27937
48.8454 2.26729
48.8481 2.26406
48.8577 2.27992
48.8597 2.28209
48.8613 2.26588
48.8723 2.27609
48.8404 2.25985
48.8669 2.27182
48.8523 2.26854
48.8635 2.28155
48.856 2.28031
48.8424 2.26176
48.8616 2.27563
48.8375 2.25698
48.8543 2.28327
48.8643 2.275
48.8664 2.27276
48.8423 2.26162
48.8568 2.27402
48.8444 2.2587
48.8366 2.26371
48.841 2.26499
48.8501 2.2764
48.8655 2.28313
48.8454 2.2554
48.8547 2.26937
48.8567 2.27208
48.8594 2.27723
48.8363 2.25658
48.8616 2.28507
48.8689 2.27599
48.8632 2.26828
48.8591 2.27986
48.8481 2.26437
48.8686 2.2803
48.8472 2.26779
48.8606 2.28213
48.8362 2.25654
48.8483 2.2673
48.836 2.25697
48.8576 2.27648
48.8664 2.27769
48.8687 2.27335
48.8408 2.26475
48.8592 2.2772
48.8452 2.25561
48.8526 2.26529
48.8595 2.27457
48.8563 2.27173
48.8413 2.26073
48.8743 2.27559
48.8413 2.25477
48.8641 2.27728
48.8514 2.27824
48.8586 2.2844
48.8599 2.28553
48.8598 2.27949
48.8696 2.27117
48.8625 2.26435
48.8633 2.28667
48.8606 2.27388
48.8392 2.2647
48.8574 2.26466
48.8529 2.28104
48.8706 2.28124
48.8482 2.2538
48.8631 2.26914
48.875 2.27977
48.8601 2.29013
48.8661 2.28625
48.8711 2.2724
48.8609 2.26396
48.8681 2.2755
48.8487 2.26393
48.8613 2.28423
48.8381 2.26321
48.8586 2.28453
48.8698 2.27661
48.8365 2.25596
48.8362 2.25878
48.8437 2.25477
48.8787 2.27802
48.8634 2.27438
48.8481 2.25801
48.8584 2.28734
48.8493 2.26714
48.8645 2.26649
48.853 2.26483
48.8437 2.25534
48.8545 2.27892
48.8694 2.27397
48.8404 2.25379
48.8472 2.25851
48.8626 2.26542
48.8494 2.27144
48.8468 2.26985
48.8656 2.28339
48.8571 2.27343
48.8592 2.28147
48.8425 2.25607
48.8628 2.26837
48.8596 2.26306
48.8617 2.2825
48.8607 2.28607
48.8713 2.27767
48.8356 2.26133
48.8749 2.27873
48.871 2.27478
48.8576 2.27358
48.8592 2.28835
48.866 2.28183
48.8585 2.2844
48.8481 2.27063
48.8451 2.26622
48.8485 2.27575
48.85 2.26812
48.8635 2.28142
48.8484 2.25919
48.8417 2.26688
48.8585 2.28477
48.8586 2.26122
48.8468 2.26837
48.8622 2.27088
48.8409 2.2653
48.8479 2.25893
48.8494 2.26649
48.8631 2.28649
48.8522 2.26424
48.8545 2.28361
48.8566 2.28655
48.8567 2.28029
48.8684 2.28236
48.8601 2.27811
48.8545 2.28316
48.8408 2.2634
48.8359 2.26058
48.8527 2.2625
48.8764 2.27829
48.8518 2.27393
48.8552 2.27523
48.8469 2.26817
48.8654 2.27526
48.8512 2.25939
48.8504 2.26583
48.8688 2.2735
48.8674 2.28073
48.8609 2.27316
48.8532 2.28138
48.849 2.26644
48.8607 2.2802
48.854 2.26544
48.8582 2.28259
48.8642 2.27494
48.8471 2.25652
48.8582 2.27524
48.8622 2.28181
48.8562 2.27786
48.8599 2.265
48.8488 2.26474
48.8639 2.27197
48.8454 2.25618
48.8482 2.26988
48.8573 2.26931
48.8367 2.26291
48.8656 2.27579
48.8481 2.25381
48.8518 2.26623
48.8485 2.26606
48.84 2.25459
48.8547 2.26293
48.8641 2.27756
48.8538 2.27179
48.8618 2.28577
48.8528 2.27584
48.8425 2.25461
48.8582 2.27485
48.8604 2.27501
48.8427 2.25465
48.8562 2.28162
48.8624 2.27061
48.8579 2.26261
48.84 2.26367
48.8601 2.26314
48.872 2.27558
48.8537 2.28279
48.8568 2.28247
48.8498 2.26668
48.8566 2.2719
48.8657 2.27599
48.8398 2.26166
48.8622 2.26507
48.8596 2.27519
48.8472 2.27003
48.8404 2.26546
48.8452 2.25475
48.8749 2.27644
48.8413 2.25411
48.8534 2.26076
48.8571 2.27475
48.8582 2.27527
48.8512 2.27528
48.8525 2.281
48.852 2.28045
48.8487 2.25925
48.8583 2.2885
48.8585 2.28456
48.8655 2.27054
48.8522 2.27988
48.8657 2.26794
48.8552 2.26193
48.838 2.25968
48.8383 2.26582
48.8621 2.2726
48.8543 2.2783
48.8678 2.27636
48.8475 2.26709
48.8526 2.26822
48.869 2.2778
48.8519 2.26117
48.8478 2.27261
48.8562 2.28571
48.8435 2.25934
48.8489 2.26517
48.8481 2.25311
48.8365 2.2592
48.8709 2.27906
48.8621 2.27308
48.8386 2.25463
48.8479 2.25729
48.856 2.27223
48.838 2.25758
48.8476 2.26632
48.8738 2.27744
48.8576 2.27756
48.8621 2.28673
48.8598 2.28825
48.8622 2.28191
48.8658 2.2758
48.8754 2.2789
48.8657 2.27574
48.8712 2.27425
48.8528 2.276
48.8516 2.27348
48.8495 2.2713
48.8602 2.28107
48.8552 2.28442
48.8392 2.26149
48.8403 2.26011
48.8476 2.26858
48.864 2.27736
48.8597 2.27903
48.8483 2.2529
48.8613 2.27545
48.8676 2.27701
48.8501 2.26523
48.8489 2.26581
48.848 2.25364
48.8613 2.28304
48.8596 2.28772
48.8578 2.2601
48.8666 2.2723
48.8465 2.25632
48.8492 2.27501
48.8495 2.27429
48.8392 2.25484
48.8637 2.28149
48.8549 2.263
48.8499 2.27223
48.8618 2.27833
48.8484 2.26046
48.8709 2.27373
48.856 2.27761
48.848 2.25286
48.8594 2.27617
48.8554 2.27091
48.8516 2.27434
48.8585 2.27529
48.875 2.27857
48.8699 2.27953
48.8634 2.28695
48.8587 2.28477
48.8475 2.26912
48.847 2.25561
48.8408 2.25841
48.853 2.26054
48.8554 2.26343
48.8637 2.2817
48.8418 2.26268
48.8671 2.27002
48.8567 2.2867
48.8564 2.27975
48.8483 2.26039
48.8611 2.2638
48.8661 2.27412
48.8369 2.26154
48.8609 2.27113
48.8704 2.28178
48.8361 2.2561
48.8599 2.27969
48.8525 2.26793
48.8426 2.25476
48.8658 2.27594
48.8457 2.256
48.8371 2.25643
48.8451 2.27272
48.8491 2.27389
48.8455 2.25483
48.8415 2.26655
48.8551 2.27205
48.8491 2.27652
48.8388 2.26631
48.8593 2.27155
48.8693 2.2747
48.8644 2.27506
48.8603 2.2846
48.8752 2.27952
48.8524 2.27146
48.8582 2.27446
48.8479 2.2598
48.863 2.26915
48.8511 2.26791
48.8641 2.27284
48.8709 2.27889
48.8351 2.26049
48.848 2.25417
48.8722 2.27472
48.8637 2.26734
48.8756 2.27745
48.8509 2.26731
48.8388 2.26129
48.8414 2.2691
48.8654 2.2832
48.8684 2.27867
48.8427 2.2653
48.8394 2.25605
48.8482 2.27069
48.8724 2.27723
48.8595 2.27376
48.8527 2.28064
48.842 2.26591
48.8481 2.25951
48.8647 2.28135
48.8627 2.27395
48.8522 2.26717
48.8639 2.27196
48.8485 2.27017
48.8386 2.25538
48.843 2.25636
48.8718 2.27639
48.8481 2.25904
48.8513 2.27847
48.8396 2.26609
48.8419 2.26411
48.8679 2.28106
48.8479 2.2714
48.8607 2.27357
48.8628 2.26712
48.8584 2.2887
48.8656 2.28637
48.8383 2.25649
48.8536 2.26877
48.8511 2.27228
48.8499 2.27717
48.8452 2.26417
48.8454 2.25587
48.858 2.27686
48.8579 2.28077
48.8588 2.28897
48.8555 2.2751
48.8358 2.25705
48.8511 2.27512
48.864 2.26702
48.8583 2.28442
48.8402 2.25809
48.8568 2.27586
48.8384 2.25698
48.8506 2.27113
48.8629 2.28645
48.8635 2.26889
48.8383 2.25518
48.8407 2.26822
1641 1639 1 4 42
8951 5066 2 7 46
9769 9775 1 6 84
9192 5294 1 11 130
1001 5165 1 1 16
4429 286 1 3 47
3686 3672 1 5 49
5363 5327 1 12 72
9294 5428 1 7 74
1789 9799 1 3 46
8500 8467 2 2 40
8729 666 1 18 232
8356 4429 1 9 133
4889 8821 1 17 96
9121 5204 1 22 314
978 9010 1 7 104
5097 5084 1 12 156
924 5165 1 3 45
10813 10755 1 12 95
577 4778 1 14 151
5321 9262 1 1 17
6840 10800 1 4 51
7870 7785 2 22 205
659 559 1 4 51
6736 6778 1 51 714
1533 9648 1 6 55
10234 2325 1 3 46
3895 3818 1 18 168
7218 11212 1 31 245
10267 2272 1 15 97
7718 3560 1 4 60
6942 6837 1 14 205
8849 863 1 6 28
8727 4704 2 11 135
5545 9333 1 4 44
9121 1185 1 20 100
3705 3828 1 2 30
2716 10834 1 1 10
2188 6427 1 2 29
1764 1637 2 16 224
10903 7119 1 9 134
4517 506 1 3 24
9363 5591 2 3 36
4671 4510 1 23 297
1710 1533 1 10 47
9655 1764 1 7 101
8043 146 1 10 136
2467 2570 1 1 16
6217 10202 1 14 132
10799 6817 2 72 125
10730 10636 1 8 71
646 8794 1 26 221
3903 3763 1 18 245
666 570 1 85 118
6861 10624 1 1 8
5379 9192 2 3 47
7779 3887 1 3 36
1098 5319 1 3 30
10444 10507 1 43 610
3614 3434 1 14 161
6435 10544 1 11 151
120 8181 2 6 47
10604 10817 1 4 39
10659 6851 1 7 44
9318 9081 1 6 85
1875 6139 1 5 43
10223 2186 2 13 48
2272 6216 1 5 58
3161 3380 1 2 17
1710 9648 1 1 20
9433 9439 1 1 9
3823 3771 1 15 186
863 1098 1 8 59
1426 9691 1 272 1140
10739 2500 2 13 19
3038 11214 1 1 26
3183 10903 2 14 173
8281 75 1 35 162
6674 10799 1 10 90
7476 7164 1 19 204
8499 8727 2 8 93
8334 4741 1 14 118
2124 9816 1 21 124
2358 10637 1 3 51
1635 1287 1 3 39
927 1248 1 13 109
4846 494 2 1 21
2983 3167 2 4 34
6774 10353 2 3 22
4544 732 1 2 19
10567 6864 1 2 34
6553 10643 1 112 407
1347 9556 1 32 184
28 4252 1 20 185
1960 2272 1 27 282
4802 8344 1 13 47
11260 11052 2 5 56
7929 7703 1 5 28
421 762 1 7 102
9235 9010 1 11 53
6373 9969 1 23 119
6308 1828 1 9 137
1569 5563 1 27 131
9786 5532 1 2 19
1861 6323 2 1 10
4704 8468 2 2 24
4268 239 1 11 99
6564 2853 1 12 134
6154 2186 1 50 177
10740 2361 1 9 106
8989 5205 1 2 22
3478 3898 1 23 209
845 5403 1 3 38
212 4293 2 3 27
1161 797 1 1 9
6139 2160 1 12 17
10903 7346 2 14 68
6553 2838 1 46 385
1252 845 1 11 66
2275 6034 1 3 41
9060 5115 2 5 52
9838 10234 1 1 14
4185 8181 1 25 129
8290 4078 1 49 355
5171 9115 2 1 13
6140 10101 1 20 167
3595 7867 1 5 52
5084 5256 1 14 84
1742 5532 1 14 81
4510 4847 1 13 147
9685 9404 2 6 61
1506 5713 1 3 34
7523 7995 1 17 206
4329 8086 1 35 108
6767 2507 2 17 137
11212 7109 1 17 78
663 4517 2 1 6
6435 6931 1 13 98
10738 10444 1 41 579
6741 10557 1 17 249
7444 6976 1 16 210
3818 3516 1 13 96
130 4300 1 2 35
4846 8409 1 6 89
10370 10832 1 11 91
5066 1113 1 44 283
8855 298 1 10 79
6564 3005 2 11 151
10716 11212 1 5 50
506 1001 1 5 49
8554 978 1 24 187
4343 3847 1 11 132
4778 5294 1 5 65
5479 1868 2 7 78
9503 6140 1 2 30
1031 4682 2 2 22
4898 5376 1 7 106
6106 9466 1 9 128
6186 9586 1 2 39
5591 6079 1 32 270
5205 577 1 12 155
10582 11058 1 22 168
6653 11081 1 3 37
1334 6033 1 4 56
8849 276 2 19 232
927 4544 1 33 143
3357 2853 1 6 49
9128 533 1 5 20
5763 6263 1 37 279
6443 2950 1 12 105
1812 6347 1 27 374
6664 7116 1 5 68
6622 11084 1 9 136
7376 6929 1 22 176
6784 7218 2 9 120
8921 295 1 16 160
5363 754 2 8 12
11319 10738 1 14 124
10636 3275 1 117 163
3279 10813 1 10 56
5129 421 1 20 169
10302 1700 1 13 163
3361 6864 1 8 90
4834 5379 1 8 122
5205 4778 1 5 68
10507 11068 1 9 123
9447 2063 2 1 17
4597 5149 1 8 113
9236 8794 1 25 304
10453 7188 1 44 592
4654 8921 1 1 15
10190 9787 1 2 23
9081 4821 1 2 23
9070 689 1 12 160
8654 1197 1 42 202
9436 10029 1 5 57
7255 10778 1 12 161
8870 4591 2 1 8
2774 7209 1 2 27
2186 1774 1 27 262
11081 10423 1 22 31
8647 1248 1 25 330
5428 4762 1 2 17
5669 6347 1 6 89
7933 8293 2 12 65
9839 9444 1 5 70
10202 1578 1 11 127
8598 1138 2 11 87
7882 4237 1 32 282
4654 838 2 10 147
10188 1789 1 3 32
6216 9693 2 10 52
559 5319 1 7 66
4403 3737 1 10 76
4333 3673 1 17 132
9262 659 1 1 22
8724 5264 1 12 147
9586 2288 1 88 239
10101 5868 1 17 120
2063 1305 1 2 15
762 9121 1 2 24
3560 82 1 23 315
6306 1635 1 10 23
4834 9192 1 18 90
8808 1052 1 19 152
1023 732 1 25 163
6503 11013 1 16 121
4607 863 1 2 22
7491 4155 1 9 129
6456 11089 1 12 175
7082 2490 1 9 75
3899 4205 2 5 44
9119 732 1 8 67
7014 6653 1 13 194
838 4611 2 2 24
2283 5703 2 7 77
3161 2357 1 2 25
868 646 1 76 597
8940 680 2 9 131
868 4787 1 44 418
6526 11166 1 8 69
11045 6894 2 3 52
2436 11166 1 4 65
5713 1859 1 7 78
10070 5458 2 1 14
1185 421 1 1 22
1828 1578 1 1 25
6973 6764 1 1 15
9439 10267 1 32 185
8197 3915 1 5 56
9301 4632 2 6 49
6816 2973 2 14 62
11164 2467 1 44 213
9318 460 1 45 97
914 8799 1 9 118
3732 8007 1 9 62
3898 175 1 9 129
8795 8951 1 47 239
3887 4091 1 6 83
10481 11319 2 73 207
4313 7703 1 8 74
9489 2292 1 23 271
7529 8281 1 8 84
9695 2042 1 3 49
6907 3056 1 1 20
3915 4041 1 5 61
9556 9922 1 5 27
7870 247 2 5 77
10557 3235 1 3 46
3178 2504 1 4 58
2860 10950 2 8 67
3849 3971 1 29 247
1639 10049 1 4 61
10902 10764 1 66 114
6306 1287 1 4 38
10415 3357 1 7 85
1553 1954 1 6 80
2712 11084 1 22 185
11277 2351 1 7 72
5580 6200 1 2 35
6750 10974 2 2 28
9775 1908 1 15 101
10817 10954 1 3 52
256 7543 1 24 210
1286 2235 1 34 409
7049 10829 1 64 89
11025 6817 1 5 39
10408 7346 1 105 146
7994 3965 1 21 55
6557 11254 1 12 114
1127 8501 2 12 138
9504 10073 1 4 59
4101 7847 1 9 129
1484 6182 1 11 117
7109 6784 1 54 334
7157 2630 2 34 275
63 3883 1 1 9
10339 5450 1 2 31
3516 256 1 51 406
2160 5545 1 15 181
3754 4093 1 9 131
3167 10582 1 27 105
7884 130 1 20 220
3056 6778 1 44 197
800 8808 1 6 76
891 8675 1 15 220
4488 1161 1 2 27
2125 1470 2 17 117
5123 570 1 18 168
6217 1484 1 15 125
3660 247 2 9 46
1248 4405 1 45 465
1844 2903 1 6 57
5115 195 2 11 67
3721 4740 1 7 38
4591 7648 2 1 16
8847 29 1 18 214
8989 4095 1 12 168
1113 4293 2 9 71
5703 6750 2 5 78
7785 4741 1 10 140
754 7933 2 23 273
5731 2724 2 3 34
1954 11013 1 48 296
3519 4508 1 7 99
1479 10567 2 2 28
5173 224 1 39 548
10415 9433 1 1 14
6246 7320 2 8 73
930 4041 1 8 117
7714 8554 1 4 34
5483 2351 1 63 120
9103 4203 1 14 166
6557 9363 1 12 120
1627 2630 1 10 147
11299 2232 2 13 154
8296 9128 1 17 78
6613 5652 1 9 32
4568 3614 1 1 20
10950 1875 2 1 19
1197 4329 1 8 61
1700 6942 1 7 65
549 7870 1 38 435
3847 741 1 7 92
3048 6170 1 2 12
8623 3748 2 3 52
9685 2863 2 51 344
4510 3434 1 18 187
1281 2500 2 2 18
3915 4802 1 8 88
10522 5488 2 12 94
1764 10659 1 4 42
11013 1861 1 35 346
5006 201 2 1 4
10669 5849 1 57 278
5652 2456 1 17 249
11224 10101 1 10 76
2351 5560 1 1 21
5702 2805 2 3 34
11011 1828 1 4 55
10353 9466 2 16 158
2676 9786 1 17 70
8799 3763 1 8 74
2456 1484 2 64 539
4252 1138 1 3 39
4741 7989 1 9 131
1569 6907 1 2 34
9235 4268 1 7 108
4013 5097 1 4 45
10544 5454 1 8 121
2383 9550 1 15 108
3828 646 1 64 331
2853 9597 1 7 101
7530 4671 1 16 54
7444 2125 2 1 23
5868 6694 1 29 196
4607 7599 1 1 5
46 5171 1 6 90
570 3895 1 5 44
7867 4834 1 7 74
9466 6513 2 20 124
9550 6456 1 9 117
9693 2716 1 28 287
2676 1742 1 2 16
5338 4267 1 1 21
6846 1651 2 55 230
2509 1347 1 22 166
2278 7157 2 3 55
1113 120 1 18 253
2232 3047 2 16 103
3883 494 1 9 127
1707 10491 1 6 90
7473 10029 1 1 22
3599 8736 1 3 31
3235 1887 1 1 12
39 9126 1 10 104
5921 10558 1 17 236
2205 11025 1 7 69
6513 9663 1 11 126
6170 11287 1 102 548
2457 5731 2 1 13
2964 6186 1 8 112
11081 6342 1 5 52
5563 6907 1 9 38
2570 1707 1 6 86
4764 3453 1 9 127
1774 6580 1 19 178
1637 2344 2 2 19
8554 3847 1 25 74
8344 3732 1 6 58
4095 9301 1 8 70
109 9119 1 6 65
4393 930 1 6 50
7278 1861 2 2 20
3167 1940 2 2 21
5144 4342 1 63 559
5294 28 1 30 259
7330 1844 1 36 95
6935 5566 1 3 46
120 1031 1 19 130
4041 9318 1 16 136
8435 3686 2 10 37
978 4268 1 3 47
3054 10093 1 4 54
1578 6613 1 8 124
10446 9775 1 9 62
11187 10002 1 7 101
8166 5223 1 11 142
8086 1218 1 6 57
8621 7654 1 30 271
7740 8671 1 3 44
3895 4488 2 41 368
5580 2610 1 1 25
3883 8409 1 12 177
670 7543 1 6 82
7998 1171 2 2 18
8277 978 1 13 100
5488 6837 2 7 90
11277 9812 1 27 144
9550 6774 2 13 52
9262 8132 1 41 119
6106 7330 1 24 89
4544 7812 2 72 163
2504 5761 1 7 109
10423 9695 1 9 98
4227 979 2 2 36
93 5321 1 2 21
3905 8356 2 13 133
6694 9503 1 9 130
506 3705 1 2 40
4161 9103 1 6 93
6861 1380 1 3 52
6983 10339 1 9 126
3342 9839 1 27 233
5519 10730 1 2 25
1859 11301 1 3 40
9404 6880 2 40 213
195 5263 1 66 214
2765 9430 1 44 262
10190 3048 1 1 11
3946 9301 2 5 42
4091 5246 1 40 368
9126 8197 1 34 47
460 3732 1 1 11
6983 5450 1 2 40
5454 6976 1 17 146
6741 6212 1 19 257
5458 6973 2 1 17
6940 6427 2 8 98
9010 7714 1 18 190
4682 4185 2 1 23
7188 1506 1 24 192
7526 8870 1 1 17
1774 3342 2 7 49
6737 2131 1 2 30
5584 10974 1 27 93
10491 9990 1 9 130
5921 7416 1 9 103
9114 3660 2 9 100
5563 3056 1 3 32
7816 1127 1 2 37
5338 3823 1 4 45
9691 7376 1 60 383
5922 11277 1 8 79
298 109 1 26 245
10234 10817 1 7 99
6181 2522 1 7 81
5618 10988 1 4 54
11084 5591 1 5 72
7599 8849 1 2 37
9990 6675 1 18 135
8280 4695 2 28 150
7278 1553 1 33 171
7320 5702 2 1 14
4508 7997 1 12 171
3335 9769 1 3 48
6931 10267 1 49 272
5529 10902 1 3 44
6154 6580 2 27 262
9812 10446 1 16 208
4293 8589 2 3 35
10007 6622 2 21 226
4252 8598 1 11 64
4155 8468 1 4 60
6035 6465 1 4 34
11068 5584 1 9 117
4440 110 2 5 25
10329 6846 2 8 62
6365 2805 1 16 124
2088 6840 1 2 21
2019 6512 1 5 49
4652 8137 1 15 113
2522 5974 1 18 171
11052 5529 1 7 93
2765 2124 1 5 80
1868 10481 2 3 49
1470 10950 2 4 18
10988 5488 1 6 96
1655 3342 1 12 174
6817 2288 1 15 145
9460 10897 2 42 167
1052 7884 1 1 26
7388 9663 1 6 75
247 8376 2 154 214
7997 4621 1 8 109
7164 9333 2 129 628
2286 10604 1 26 319
6784 10258 1 25 172
3165 1812 2 8 76
5560 3006 1 1 6
6750 2283 1 35 130
10829 6186 1 72 226
4293 8726 1 70 557
9060 3903 1 26 222
5763 7346 1 27 119
2863 10070 2 1 12
8293 8717 2 2 24
7904 5263 1 10 113
10604 2325 1 5 43
5761 7353 1 4 33
10188 6838 2 43 254
5719 3348 1 7 105
7806 4989 1 3 37
3453 9092 1 1 20
4155 8799 2 4 55
3206 1334 1 10 150
10797 6139 1 9 127
10897 5719 1 7 110
7904 5115 1 46 322
3946 577 1 21 83
247 8795 1 21 129
6613 6308 1 5 35
11058 5922 1 5 59
9816 2663 1 9 105
3713 800 1 10 108
9364 3161 1 5 37
7473 1479 1 14 68
6246 2467 1 8 106
10527 2205 1 78 214
4181 8395 1 138 192
4695 82 2 12 99
3275 5483 1 8 67
663 201 2 15 168
8589 98 2 4 61
29 8647 1 7 109
3006 5719 1 19 170
2983 5669 1 19 211
5717 3005 2 12 136
2950 5761 1 1 20
5560 3348 1 33 205
7853 4989 1 1 25
2564 10202 1 8 95
3998 533 1 5 74
3818 5123 2 16 134
3005 9597 2 91 228
6653 6342 1 2 32
5319 7718 1 3 42
3672 890 1 2 31
7703 1161 1 23 183
10093 10453 1 26 365
6931 1960 2 7 94
9444 7476 2 7 63
6035 6935 1 5 72
5256 7716 1 1 20
8136 8802 1 1 7
10049 6816 1 4 34
10070 2507 1 16 23
10339 6526 1 6 49
5519 3362 1 1 16
9541 3206 1 1 17
5008 7994 2 11 79
286 4333 2 4 34
5479 3279 1 8 70
749 8111 1 2 20
10832 6008 2 86 180
1380 11299 1 3 45
4185 446 2 16 182
9460 7255 1 1 17
4078 549 1 22 182
10902 9786 1 17 83
5889 2934 2 15 159
9430 7388 1 7 83
5294 3595 1 11 127
298 4405 1 4 56
3506 5363 1 4 16
11055 5669 1 5 46
5163 3672 1 2 32
7353 1380 1 7 45
3737 924 2 5 79
7491 1236 1 8 101
10797 1875 1 18 113
4205 4651 1 4 55
6212 10557 1 1 11
4829 4013 1 4 51
5163 3686 1 11 72
1115 7330 1 6 91
9969 4101 1 36 161
1393 7638 1 12 85
8947 7109 1 26 207
8501 2522 1 16 102
7554 5519 1 18 130
7716 5652 2 4 35
7638 1448 2 99 225
10045 207 1 8 74
6973 8870 2 5 7
2436 365 1 2 35
8754 10722 1 14 132
5360 7473 1 3 36
10636 4764 1 4 49
4343 2322 1 5 74
1578 7861 1 8 70
5048 7013 1 3 43
10049 175 2 13 190
8647 2610 1 9 137
5171 11017 1 13 127
1844 8086 1 5 71
8281 10073 2 46 116
10226 4405 1 38 249
5983 39 1 2 28
3733 5703 2 21 211
3652 9460 2 1 20
10591 8468 1 3 43
5350 3369 2 11 78
6929 8726 1 22 193
2973 4973 2 12 100
8181 6124 1 18 181
2950 845 1 7 44
9010 11025 1 24 197
185 10002 1 4 59
9990 63 1 9 131
3369 1091 2 16 132
8166 9847 2 2 35
5974 8166 1 176 244
10669 4898 2 6 25
10073 4313 1 4 42
4333 2131 2 3 31
1655 7994 1 1 25
2903 892 1 4 59
4570 6443 1 2 19
2934 930 1 32 387
11224 5204 1 9 137
5222 11260 2 16 133
9637 7989 1 9 71
680 6750 1 12 70
4888 10716 1 5 52
10302 8291 1 11 154
9695 3721 1 1 11
4101 9816 1 18 193
10045 4001 1 10 126
2322 8277 1 81 255
559 2774 1 10 77
5403 3178 1 10 72
7995 5717 2 13 115
8467 10408 2 6 21
10637 749 1 15 213
9922 3998 1 3 33
2860 8623 2 11 41
11095 8855 1 15 75
146 6008 1 4 56
6546 460 1 6 79
7014 5173 1 16 231
8291 6306 1 7 89
10730 4764 1 5 64
2724 666 1 44 199
8334 6664 1 26 137
7716 5479 2 2 28
10408 8500 2 6 17
3686 5921 1 4 59
3235 5363 1 20 188
8921 3047 1 2 32
11254 914 1 1 10
6124 4381 1 15 169
201 6378 2 1 12
2088 7998 2 6 42
82 6263 1 21 111
7884 9458 1 8 55
7523 5717 2 18 200
6189 3946 2 5 65
11069 9318 1 61 358
3672 9364 1 3 24
1098 7082 1 14 78
10522 4829 1 9 87
1448 3818 2 47 441
4429 6737 1 2 34
11089 1197 1 5 34
10954 1098 1 6 36
1846 4227 2 2 22
3673 1338 2 18 163
5108 7473 1 3 27
9541 3849 2 13 175
8821 2538 1 1 16
11028 1252 1 5 35
9333 3748 1 26 321
1218 3038 1 12 132
10716 295 1 23 322
8395 6741 1 2 30
3361 5108 1 4 17
2292 4095 1 49 112
4798 10370 1 3 50
4309 10029 1 1 24
8132 10093 1 12 110
3733 1305 2 6 30
8736 6653 1 6 95
8727 6674 1 10 69
5097 11319 2 19 119
8111 6212 1 1 11
6079 4207 1 4 30
7498 9685 1 7 83
9482 7806 1 8 116
6347 63 1 11 98
7847 9550 1 8 112
4393 6035 1 3 47
4342 9839 1 21 303
3770 9550 2 15 189
7806 5580 1 1 11
6675 8675 1 4 44
82 2286 2 8 30
2507 524 1 1 19
7416 5044 2 6 92
11212 5144 1 25 229
3345 868 1 27 297
7416 890 2 22 142
3958 2232 1 20 231
3345 5048 1 20 236
3779 5584 2 2 30
4091 10190 1 58 416
1252 2950 1 6 63
9447 3733 2 2 33
7853 5580 1 4 42
1218 2903 1 5 76
4821 6512 1 11 64
410 2676 1 2 26
8468 2712 1 5 38
3005 5350 2 6 18
8717 10415 1 1 10
10558 524 1 13 182
6443 4888 1 11 72
4704 10591 1 4 55
4807 6553 1 12 167
10832 8334 1 9 113
8717 6564 2 23 204
9092 11055 1 21 130
5379 7013 1 1 8
7082 5321 1 11 79
10446 670 1 17 134
1091 11013 2 2 25
4300 1940 1 9 92
1533 7740 1 5 53
670 2457 2 113 157
10755 4510 1 7 72
4198 1553 1 18 223
8137 9430 1 3 15
9655 8296 1 2 23
7209 4695 2 18 233
5319 2774 1 8 49
5006 6526 1 1 6
3763 6246 2 8 83
4621 3112 1 10 106
9103 10642 1 38 245
5048 2436 1 12 132
6033 7568 1 131 229
4695 3183 2 25 117
10116 3660 1 9 129
2309 7937 2 4 47
4227 1569 1 14 159
1651 4267 2 5 27
4847 3279 1 18 180
2332 7937 1 10 128
7861 2136 1 18 145
195 9447 2 39 186
3380 4896 1 23 105
4806 3335 2 7 90
3335 670 2 7 60
9458 185 1 3 50
5093 10567 1 7 65
7013 365 1 48 187
10829 9235 1 9 114
224 1426 1 29 198
3357 689 1 12 85
6160 3604 1 8 111
5108 10567 1 21 93
6694 5264 1 24 188
2124 7847 1 13 177
11187 571 2 15 220
461 11058 1 29 70
3971 1334 1 7 55
3047 4654 1 6 48
1139 6940 2 11 98
9006 10522 1 7 72
7853 6200 1 2 32
4342 5849 1 73 722
836 2538 1 10 113
9115 10778 1 15 218
9466 8036 1 10 110
9363 8166 1 12 164
5165 10439 1 1 16
5246 10818 1 8 118
8799 7320 1 14 146
8726 7218 1 18 62
6838 1031 2 41 254
5222 10764 1 4 53
7264 8729 1 4 40
5008 10544 1 12 96
4570 2950 1 9 81
410 10902 1 1 21
930 6465 1 4 37
8111 9541 1 66 271
10558 5044 1 11 116
2125 3823 1 25 201
298 7097 1 31 87
8808 11187 1 2 18
3491 6181 2 14 99
421 2934 1 118 298
3713 6319 1 9 129
7119 4440 1 7 67
3770 6373 1 1 23
10507 8847 1 48 543
5983 7740 1 13 110
494 2983 2 2 20
7847 6373 1 9 128
10642 9208 1 1 19
7568 6170 1 1 14
4787 11301 1 2 27
5618 4013 1 12 90
6023 7654 1 152 221
10739 5246 1 21 141
10226 7812 2 1 21
11214 8654 1 19 274
10954 4607 1 3 30
10230 7816 1 5 71
5104 10453 1 25 164
6736 5376 1 23 287
6838 1113 2 9 130
7937 10116 1 37 236
5591 3988 1 11 108
3779 6319 2 26 166
8291 1700 2 134 213
9812 3652 2 8 94
5327 2716 1 3 45
9787 4181 1 26 247
9070 6931 2 11 101
2357 5163 1 2 23
2838 968 1 19 208
6342 3599 1 7 50
1236 6674 1 13 153
8007 1533 1 1 15
741 3112 1 7 108
4829 10988 1 10 90
680 10974 2 8 51
1236 10591 2 2 18
4847 11011 1 1 6
4874 11069 2 5 77
5149 10797 1 31 336
2570 5428 1 6 54
1533 39 1 14 112
4591 11214 1 2 33
6675 9294 2 5 66
10988 8730 1 16 179
6929 5144 1 72 719
4440 3183 1 13 168
2361 9103 2 1 8
5044 6767 2 1 14
10734 8989 1 17 202
2456 5256 1 31 206
6907 979 1 14 195
1479 4309 1 6 56
9006 10738 1 54 503
2504 5403 2 2 25
2457 9115 1 53 162
5577 4393 1 5 60
7716 6308 1 8 37
559 7082 1 13 31
4632 11224 1 16 225
3965 1655 1 3 30
11299 4570 1 4 57
1139 10558 1 20 156
10002 7884 1 3 52
11301 410 1 2 20
9504 4313 1 9 48
9115 10446 1 23 204
7870 9838 1 50 546
5731 46 1 51 71
11028 4888 1 12 103
6456 1115 1 13 111
7188 4807 1 33 468
4393 5566 1 7 75
39 9637 1 5 63
1908 3713 1 5 64
10353 1115 1 9 126
5719 75 1 20 118
4632 11260 2 2 35
4597 3361 1 19 271
6546 9081 1 6 93
5264 2564 1 2 10
2358 5327 1 1 19
6323 7523 2 17 152
10818 848 1 17 213
446 3178 2 4 55
1050 10527 1 8 83
5321 2344 1 15 63
1286 4300 1 14 97
4403 5529 2 1 10
3054 4740 1 5 39
9586 4101 1 22 191
5123 2724 2 14 201
537 11013 1 33 327
11055 4798 1 12 169
891 2653 1 29 125
7989 5983 1 4 49
2610 927 1 7 84
2063 3733 2 2 15
6764 892 1 16 157
5263 10491 1 72 399
6513 1139 2 10 147
9847 3903 2 42 125
6778 8947 1 58 571
2344 9262 1 7 61
10230 3491 1 3 43
9597 4161 1 5 80
3362 8334 1 22 144
6079 7816 2 8 121
848 10739 2 1 9
856 10734 1 12 164
571 11058 2 17 139
9439 8293 1 1 13
1639 4038 2 3 37
10813 4981 1 1 6
2275 7530 1 23 82
2934 4874 2 24 175
4309 9436 1 3 42
8794 7014 1 58 280
10800 836 2 5 69
1891 7929 1 1 23
7654 2509 1 97 1356
8111 7049 1 34 113
3516 10444 1 16 119
5889 762 1 16 204
8462 9447 2 1 19
11287 4357 1 5 77
3748 10669 2 12 46
10481 7638 2 3 41
7104 4093 1 3 48
7082 93 1 7 75
4357 3380 1 1 19
4651 1470 1 3 50
7353 4343 1 8 88
9458 461 1 6 74
7806 2610 1 2 18
10370 3453 2 1 25
892 6106 1 13 126
836 1829 2 2 19
9990 891 1 57 79
6894 3898 1 10 141
5246 10190 1 10 113
11301 4403 1 4 57
4787 5713 1 23 143
10764 3905 1 9 51
8409 1286 1 29 49
6816 7779 1 2 28
5532 8356 1 6 76
175 11045 2 45 63
533 9655 1 3 45
797 6034 1 3 20
6263 9121 1 14 116
2288 9235 1 7 53
5702 4762 1 7 105
2630 7853 1 108 197
5849 8754 1 9 100
7473 4309 1 1 18
1829 8940 2 1 12
9691 8589 1 70 282
7116 8043 2 15 127
8291 7462 1 21 229
2663 3849 1 10 145
7104 8007 1 24 84
8654 5859 1 3 54
1185 6217 1 14 190
2286 1083 2 1 12
1171 2088 1 3 41
6200 1171 1 154 227
1305 8462 2 1 24
7049 239 1 23 226
2205 1050 1 21 204
5223 10230 1 8 112
11025 7997 2 3 51
5327 6216 1 29 262
5084 1868 1 7 82
5294 10302 1 11 154
4313 7264 1 18 122
1083 2325 1 65 327
4896 1641 1 2 30
9541 8395 2 2 29
4267 7444 2 16 147
1506 8356 2 35 286
930 6035 1 2 17
1138 2136 2 2 21
10527 3519 1 68 95
2278 9060 2 4 16
2332 9114 2 25 137
7218 4381 1 28 115
2500 3478 2 1 18
1960 5008 2 4 61
1380 4570 1 2 24
4802 1710 1 23 33
3965 7164 2 5 32
5450 506 1 4 36
549 1812 1 16 156
3771 6846 1 16 137
5263 2235 1 25 141
5454 4651 1 14 150
5529 410 1 15 48
8166 11254 1 25 231
8671 5519 1 12 119
6976 4203 1 3 45
7526 6764 1 1 11
2136 856 1 3 27
524 5458 1 1 11
9489 8724 1 9 71
8947 10258 1 331 688
2325 964 1 27 227
9693 4611 2 11 71
4405 11041 1 6 45
6347 891 1 9 135
8043 3165 2 20 114
10817 3560 1 1 22
4176 7038 1 15 83
10439 3705 1 2 38
10637 3506 1 1 15
3553 2838 1 17 173
7648 2863 2 2 15
10029 5360 1 3 32
8724 9503 1 24 182
4929 5577 1 24 137
5652 8730 1 4 65
9208 10045 1 10 121
5566 4929 1 12 166
5859 8501 1 23 59
4381 11028 1 7 74
6216 5008 1 45 288
5717 8395 2 214 395
2213 1001 1 5 75
10897 8281 2 4 42
732 9482 1 11 114
8730 5618 1 8 118
6580 7994 2 4 24
5230 1891 2 6 86
1859 9236 1 3 37
10778 7529 1 1 13
3560 10604 1 21 35
3553 10643 1 18 208
8280 11081 1 3 34
924 6189 2 3 32
2564 7861 1 40 112
2805 7491 1 11 72
10817 7599 1 4 49
9586 8499 2 14 111
863 2309 1 28 375
9128 9922 1 1 27
10439 3828 1 3 53
6182 5129 1 2 24
9799 8376 1 4 24
2283 800 1 18 123
9092 6160 1 5 48
6622 3770 2 3 24
10223 838 1 18 178
797 2275 1 4 35
5652 8598 2 12 168
5376 1846 1 8 95
4207 11089 1 12 65
689 9433 1 14 104
6465 3915 1 8 67
6323 848 2 1 15
98 7376 1 20 216
2019 5230 1 1 13
6512 7929 1 4 50
1001 6189 1 5 63
7529 10897 1 8 68
3112 7714 1 14 74
7476 3899 2 5 62
4001 6503 1 4 41
3763 11164 1 10 114
6319 4806 2 7 62
4237 6736 1 9 103
1742 9236 1 2 27
6170 4652 1 11 98
75 6546 1 16 131
3362 7989 1 18 147
10659 8296 1 3 40
741 10327 1 6 90
5545 5108 1 92 235
9847 281 2 23 228
9597 9070 2 7 75
6034 4488 1 7 17
762 2286 1 26 203
4973 1281 2 27 251
5974 281 1 6 45
9556 9128 1 2 32
2490 212 2 121 1165
9294 1707 2 4 54
1627 1023 1 56 367
5450 5006 1 4 25
890 9364 1 6 38
10267 754 1 25 224
6378 663 2 1 12
2653 8290 2 12 164
4611 6154 2 2 24
8623 2160 1 8 68
9648 9126 1 9 72
979 9444 2 1 17
5868 1185 1 13 186
4267 10642 1 1 20
3614 11011 1 14 146
146 6664 1 17 161
5204 5763 1 12 129
964 5577 1 9 97
3988 2383 1 6 50
446 6124 1 15 130
8462 2063 1 1 6
7097 7498 1 14 141
11017 7529 1 9 88
6033 4652 1 21 205
10582 130 1 11 93
4268 10829 1 11 152
4155 6557 1 13 192
3006 3652 1 11 141
6737 4333 1 1 16
7718 10954 1 3 25
1828 4568 1 11 133
3348 3754 1 2 26
10258 8621 1 15 140
7462 7867 1 8 89
4762 6365 1 5 63
7346 3673 2 12 113
7933 3235 1 35 129
8729 10073 1 7 109
8675 6365 1 1 23
10624 4343 1 1 8
2538 29 1 12 113
1083 5889 2 22 185
4981 1393 1 3 23
1127 5859 1 15 194
110 6653 1 10 114
3038 7526 1 1 14
10834 8277 1 1 9
3434 11069 1 42 209
6894 4198 2 1 21
1651 5338 1 20 34
6837 4252 1 22 160
4181 10818 1 28 247
4093 6546 1 6 78
1287 9006 1 152 270
2361 207 1 72 153
2490 93 1 11 63
5093 9436 2 2 21
7264 3895 2 13 94
11164 7904 1 2 40
9208 1651 1 1 22
7779 11287 1 1 19
537 10329 2 10 116
239 2358 1 1 13
256 2724 2 21 84
1347 5104 1 55 403
7543 11068 1 31 225
856 9489 1 10 124
11069 7530 2 16 227
10116 8795 2 5 46
6435 4161 1 32 168
11095 7498 2 23 80
8296 6851 1 1 10
9663 1139 1 9 49
4205 2860 2 5 45
6622 3988 1 19 100
8554 2322 1 10 115
1305 1052 1 16 195
2663 3971 1 16 183
3478 7278 2 3 21
4203 6435 1 9 75
8435 2188 1 11 88
2712 8136 1 1 6
4621 10327 1 14 143
2235 8462 1 1 13
4207 2383 1 20 254
6008 4798 1 6 77
8197 6935 1 6 91
9969 8727 1 9 109
2275 4671 2 2 41
8802 10007 1 4 27
7164 3899 1 17 242
571 9812 2 20 128
964 5889 1 30 358
3705 6983 1 5 44
8277 2358 1 6 48
2716 3958 1 1 14
207 10740 1 22 116
9236 1506 1 10 72
2724 46 1 3 45
6851 224 1 23 235
5204 1338 1 68 211
8376 10188 1 13 104
1789 5066 1 21 123
4787 1859 1 3 33
11013 7995 2 4 63
3595 7462 1 5 82
4821 2019 1 6 86
8621 6023 1 101 232
1338 5222 2 4 58
6774 8036 1 9 129
4989 1627 1 11 103
8951 9799 1 8 123
10800 195 2 36 385
968 1635 2 19 277
7785 7116 2 13 116
4038 2608 2 1 8
3348 7554 1 9 67
6653 8280 1 5 66
11052 3737 2 3 26
3958 6861 1 22 314
2653 4078 1 95 336
4568 6182 1 16 120
10734 28 2 10 83
6427 8435 2 8 82
2042 659 1 12 151
1887 749 1 2 11
3721 3054 1 2 34
11319 3516 1 68 586
8036 2765 1 3 33
10327 4508 1 6 92
2131 8467 1 7 102
9333 5360 2 32 151
295 10223 1 16 156
10557 8293 1 13 164
3754 7104 1 16 144
4898 1846 2 6 53
3604 3275 1 1 4
4704 10007 2 3 42
3652 7255 1 11 28
11166 3553 1 35 189
4806 1908 1 27 129
1829 4889 1 10 26
1940 4846 2 1 14
4357 2357 1 2 17
4929 9838 1 16 174
4740 2042 1 1 20
4508 2205 1 24 173
4001 10740 1 12 164
4651 2125 1 13 146
4652 2124 1 21 258
281 2278 1 6 95
365 2213 1 4 35
7209 7718 1 65 90
5230 9504 1 3 43
2309 276 1 9 128
28 6942 1 16 143
10974 3779 2 72 101
3849 7049 1 50 224
2213 4517 1 2 18
276 2332 2 29 46
3849 2964 1 5 45
11013 7835 2 17 158
