1679 2701 54000 1 2
48.8812 2.29171
48.8723 2.31246
48.8763 2.28653
48.8867 2.2976
48.8846 2.29685
48.8756 2.31894
48.8665 2.30306
48.884 2.30031
48.8633 2.29637
48.8869 2.31265
48.8881 2.30956
48.8967 2.32369
48.8691 2.29741
48.8731 2.28371
48.8742 2.28971
48.8658 2.29598
48.8718 2.29357
48.8757 2.31962
48.8678 2.3139
48.878 2.29699
48.8732 2.32682
48.8662 2.32118
48.8858 2.29084
48.8766 2.30794
48.8737 2.30651
48.878 2.28787
48.8953 2.32049
48.865 2.31556
48.8686 2.29291
48.878 2.28484
48.8652 2.30305
48.8778 2.28047
48.8861 2.32433
48.8963 2.32223
48.8863 2.29464
48.8688 2.31101
48.8836 2.28561
48.8802 2.28512
48.8781 2.29855
48.8781 2.32262
48.8659 2.2977
48.8749 2.30105
48.8722 2.30698
48.8975 2.32642
48.8639 2.29057
48.8748 2.30464
48.8788 2.27832
48.8807 2.28519
48.8645 2.30653
48.8727 2.28457
48.8845 2.32153
48.8825 2.31453
48.8844 2.2868
48.8751 2.29036
48.89 2.30415
48.8873 2.3179
48.8796 2.32702
48.8833 2.29892
48.8806 2.32492
48.8711 2.29738
48.869 2.29157
48.8631 2.29214
48.8772 2.32304
48.8829 2.30512
48.8794 2.31428
48.8731 2.29705
48.882 2.32222
48.8716 2.29341
48.8818 2.2939
48.8906 2.32661
48.884 2.29089
48.8807 2.30907
48.8721 2.2842
48.8688 2.32185
48.8824 2.31183
48.8697 2.30373
48.8975 2.32444
48.8891 2.32372
48.8821 2.31964
48.8684 2.29092
48.879 2.29275
48.8867 2.29049
48.8796 2.32659
48.8764 2.29044
48.8742 2.32579
48.8821 2.28612
48.8706 2.31316
48.8987 2.32483
48.8944 2.3134
48.8639 2.29048
48.8663 2.29704
48.8722 2.30495
48.8768 2.32164
48.8771 2.30289
48.8941 2.32734
48.8863 2.30915
48.8838 2.31365
48.8795 2.32186
48.8849 2.31547
48.8878 2.29592
48.8609 2.29137
48.8647 2.30189
48.8851 2.3035
48.8711 2.29679
48.878 2.30502
48.8822 2.29452
48.8813 2.31899
48.8753 2.29368
48.8683 2.29106
48.8689 2.31029
48.8646 2.3042
48.8769 2.28539
48.8854 2.29723
48.8695 2.3135
48.8783 2.29411
48.8715 2.28487
48.8716 2.29698
48.8722 2.28469
48.8738 2.32061
48.8807 2.29342
48.8886 2.32364
48.8736 2.28796
48.8792 2.3235
48.8746 2.30518
48.8928 2.3163
48.8959 2.32844
48.8864 2.31848
48.8722 2.29405
48.8732 2.28471
48.883 2.32406
48.8837 2.29289
48.8913 2.31905
48.8938 2.31809
48.8958 2.31755
48.8677 2.31394
48.8962 2.30988
48.8789 2.30177
48.8861 2.29217
48.8694 2.29355
48.8869 2.30835
48.8909 2.30532
48.8798 2.29476
48.8705 2.30096
48.8831 2.28744
48.8972 2.32587
48.8815 2.28923
48.8622 2.29314
48.8846 2.29765
48.872 2.30093
48.8903 2.30422
48.8644 2.32033
48.8779 2.31816
48.8754 2.29624
48.8842 2.28556
48.8884 2.29884
48.8789 2.32361
48.889 2.31954
48.8746 2.30964
48.8812 2.31533
48.8687 2.3037
48.8774 2.30669
48.8906 2.32025
48.8809 2.29752
48.8808 2.2819
48.8872 2.30496
48.8846 2.32449
48.89 2.30189
48.8748 2.30598
48.8679 2.29189
48.8876 2.32019
48.8766 2.29455
48.8782 2.2978
48.8807 2.28895
48.8712 2.31612
48.8867 2.30041
48.8758 2.30334
48.8957 2.3284
48.8668 2.28984
48.8723 2.29635
48.8649 2.29906
48.8699 2.28547
48.8847 2.31786
48.8777 2.29324
48.8943 2.31382
48.868 2.29601
48.87 2.30099
48.8836 2.32038
48.8772 2.28037
48.8753 2.2948
48.875 2.29144
48.8701 2.29564
48.8869 2.31885
48.8647 2.31367
48.8852 2.30621
48.8979 2.31345
48.8824 2.31527
48.8798 2.28236
48.8834 2.3095
48.8649 2.31762
48.8975 2.32559
48.8722 2.3128
48.8675 2.30123
48.8817 2.3056
48.8822 2.28602
48.8824 2.29706
48.8941 2.31413
48.8664 2.3234
48.8954 2.30735
48.8776 2.31026
48.8668 2.31023
48.8778 2.28817
48.8687 2.29254
48.8949 2.32812
48.8766 2.3017
48.8714 2.30731
48.8752 2.29845
48.8695 2.28539
48.8752 2.29097
48.8907 2.32665
48.8781 2.30504
48.8687 2.29572
48.8714 2.29998
48.8899 2.30188
48.8812 2.28457
48.8748 2.30515
48.8684 2.30893
48.8851 2.30702
48.8934 2.31712
48.8683 2.29898
48.8608 2.29173
48.8919 2.32236
48.8832 2.3189
48.8794 2.31722
48.871 2.28358
48.883 2.28754
48.8675 2.29523
48.8891 2.31608
48.8752 2.28735
48.8833 2.29656
48.8688 2.31462
48.8931 2.32771
48.8771 2.31493
48.8647 2.32095
48.8847 2.30781
48.8697 2.31263
48.8791 2.30311
48.8775 2.29441
48.8874 2.29775
48.8722 2.28482
48.8726 2.31005
48.8835 2.31304
48.8723 2.29945
48.8808 2.31254
48.8874 2.30643
48.8813 2.29855
48.8709 2.32265
48.8719 2.30039
48.8606 2.29087
48.8731 2.31151
48.8961 2.30996
48.872 2.31827
48.883 2.32544
48.8698 2.28512
48.8778 2.29796
48.871 2.30347
48.8736 2.29278
48.8685 2.29891
48.8783 2.29572
48.8756 2.28895
48.8756 2.31836
48.8836 2.28821
48.8945 2.32189
48.8952 2.32822
48.8742 2.29901
48.8777 2.28373
48.8826 2.2926
48.8804 2.29981
48.8866 2.29002
48.8695 2.2852
48.8847 2.29918
48.8843 2.30932
48.8835 2.32683
48.871 2.29751
48.875 2.30596
48.8765 2.29266
48.8899 2.30393
48.8954 2.31181
48.8803 2.30828
48.8671 2.29022
48.8733 2.32096
48.8691 2.31012
48.8771 2.29219
48.8827 2.31493
48.8771 2.29446
48.8901 2.30487
48.8712 2.29336
48.8927 2.31657
48.8724 2.29956
48.8704 2.3227
48.8625 2.29187
48.8664 2.28957
48.8936 2.32268
48.8763 2.29686
48.8784 2.29851
48.8745 2.29304
48.8741 2.29582
48.8683 2.29866
48.8843 2.31458
48.8936 2.32657
48.8843 2.30266
48.8823 2.32098
48.8661 2.30799
48.8748 2.30501
48.872 2.29533
48.8756 2.3266
48.8657 2.326
48.8773 2.2946
48.8857 2.31682
48.8768 2.30231
48.8772 2.28167
48.8855 2.29345
48.8831 2.2935
48.8649 2.31702
48.865 2.2976
48.8751 2.29601
48.8814 2.30636
48.8706 2.32609
48.8696 2.31058
48.8733 2.3243
48.8772 2.30318
48.8781 2.28803
48.8959 2.32301
48.8793 2.28646
48.896 2.30961
48.8875 2.32709
48.8753 2.31472
48.8693 2.31081
48.8814 2.30163
48.8784 2.27978
48.8844 2.30125
48.8705 2.30521
48.8774 2.27978
48.8862 2.31773
48.8661 2.32011
48.8987 2.32353
48.8776 2.32077
48.8975 2.32414
48.8885 2.32592
48.8672 2.29532
48.8877 2.29495
48.8864 2.29298
48.8672 2.31157
48.8664 2.32344
48.8702 2.29661
48.8714 2.32349
48.8633 2.29632
48.8809 2.28419
48.8892 2.30184
48.8956 2.3116
48.8671 2.32046
48.8907 2.30496
48.8975 2.32535
48.867 2.30128
48.8809 2.29213
48.8672 2.32075
48.8738 2.30845
48.894 2.32144
48.8649 2.31638
48.8789 2.32298
48.8777 2.3106
48.8679 2.2906
48.8864 2.31802
48.8887 2.32461
48.8649 2.31032
48.8931 2.31579
48.8755 2.28946
48.8698 2.29617
48.8688 2.31012
48.8889 2.3206
48.8781 2.2842
48.8777 2.29828
48.8796 2.28214
48.8941 2.31254
48.8771 2.32692
48.8723 2.28547
48.8786 2.29585
48.896 2.32307
48.8664 2.30512
48.8646 2.29307
48.8802 2.29074
48.8752 2.31436
48.8809 2.31284
48.8649 2.29726
48.8861 2.29244
48.8791 2.28755
48.893 2.32746
48.8881 2.32104
48.8778 2.29777
48.8841 2.28934
48.8836 2.3058
48.8923 2.31719
48.8861 2.28802
48.8801 2.31347
48.8806 2.28557
48.8974 2.32325
48.8675 2.32584
48.864 2.29029
48.8671 2.32065
48.8744 2.31861
48.8741 2.3246
48.8741 2.29424
48.8856 2.31003
48.8963 2.32492
48.8734 2.31957
48.874 2.29728
48.8712 2.30245
48.8833 2.30727
48.871 2.32518
48.8767 2.31904
48.8951 2.32632
48.8888 2.30887
48.888 2.31669
48.8665 2.28991
48.8804 2.32705
48.8647 2.31834
48.8822 2.31033
48.8941 2.31324
48.8752 2.29138
48.8653 2.30296
48.8692 2.32409
48.8944 2.3141
48.8751 2.32295
48.8744 2.29273
48.8819 2.29196
48.8864 2.31107
48.8853 2.29748
48.8937 2.32214
48.88 2.29705
48.875 2.30028
48.8762 2.32111
48.8698 2.29055
48.8869 2.31729
48.8706 2.29569
48.8685 2.2934
48.8758 2.28903
48.8658 2.31987
48.8722 2.29932
48.885 2.32076
48.8805 2.29965
48.8857 2.30993
48.8833 2.31274
48.8729 2.3105
48.8881 2.29748
48.8812 2.31555
48.8854 2.29351
48.887 2.29774
48.8716 2.28679
48.8873 2.29753
48.8766 2.29456
48.8788 2.29345
48.8651 2.29947
48.877 2.32179
48.8718 2.30101
48.8774 2.27926
48.8946 2.31932
48.8753 2.32428
48.8838 2.32147
48.8875 2.29472
48.8735 2.32081
48.8917 2.30572
48.8707 2.32544
48.8709 2.28503
48.8706 2.30187
48.8819 2.31888
48.8723 2.29545
48.8813 2.29553
48.8641 2.32009
48.8809 2.28391
48.8732 2.29463
48.8806 2.28532
48.8939 2.32564
48.8751 2.28395
48.8823 2.31174
48.8878 2.29767
48.8628 2.29212
48.8924 2.31706
48.8762 2.28717
48.8674 2.32619
48.8894 2.3007
48.8714 2.31197
48.8767 2.30859
48.895 2.31847
48.8805 2.29646
48.8977 2.32859
48.8788 2.32239
48.8706 2.30546
48.8725 2.28723
48.8717 2.31845
48.8835 2.32331
48.8645 2.31911
48.8667 2.32057
48.8713 2.31771
48.8791 2.31549
48.8708 2.28804
48.8789 2.32326
48.872 2.30044
48.8775 2.29511
48.8692 2.30277
48.8778 2.30585
48.8773 2.31331
48.8843 2.3172
48.8677 2.28838
48.8812 2.31215
48.8698 2.2856
48.8648 2.29599
48.8798 2.2816
48.8836 2.32719
48.8858 2.32636
48.8679 2.32459
48.8935 2.3115
48.8748 2.28424
48.9009 2.3273
48.8732 2.32235
48.8694 2.32217
48.8687 2.30112
48.8884 2.31895
48.8952 2.31844
48.8641 2.29322
48.8611 2.29141
48.8751 2.31012
48.8791 2.32365
48.8675 2.29925
48.8818 2.31445
48.8734 2.28611
48.8902 2.30455
48.8875 2.30457
48.8779 2.30523
48.8648 2.3056
48.8774 2.31002
48.8711 2.29561
48.865 2.29985
48.8873 2.3141
48.8812 2.29445
48.8853 2.29086
48.8908 2.30192
48.8732 2.29756
48.8816 2.29819
48.879 2.29537
48.8803 2.28682
48.8861 2.32044
48.8865 2.29285
48.8723 2.29527
48.8796 2.2947
48.8975 2.32648
48.8832 2.29048
48.8937 2.31742
48.8776 2.31255
48.8828 2.32325
48.8769 2.29165
48.8901 2.30378
48.8626 2.29382
48.8648 2.30416
48.8836 2.29298
48.885 2.30683
48.8936 2.31862
48.8761 2.28369
48.8676 2.30235
48.8677 2.31003
48.8648 2.29363
48.8878 2.30923
48.8965 2.30978
48.8654 2.32053
48.8647 2.3023
48.8954 2.31193
48.8601 2.29047
48.8812 2.30688
48.8823 2.31413
48.8775 2.29424
48.8878 2.30639
48.8733 2.30148
48.8815 2.29966
48.8758 2.29301
48.889 2.30424
48.8795 2.30498
48.8743 2.31004
48.8785 2.28154
48.8762 2.31945
48.877 2.30286
48.8647 2.29417
48.8902 2.31713
48.8737 2.31445
48.8703 2.30098
48.8891 2.29709
48.8757 2.28124
48.87 2.32363
48.8642 2.30179
48.8919 2.30174
48.8707 2.28769
48.8724 2.32489
48.8808 2.31201
48.8811 2.28396
48.8724 2.32162
48.8888 2.32787
48.8777 2.32616
48.8884 2.32145
48.8876 2.30476
48.8831 2.3185
48.8662 2.28968
48.8795 2.31823
48.8954 2.3122
48.8692 2.32037
48.8766 2.3157
48.8772 2.28451
48.8974 2.32417
48.869 2.31035
48.8738 2.29023
48.8763 2.30122
48.868 2.29315
48.8803 2.30857
48.8706 2.30536
48.8787 2.32698
48.8671 2.28768
48.8718 2.30612
48.8757 2.32116
48.8742 2.29956
48.865 2.30037
48.8918 2.30155
48.8837 2.2953
48.8689 2.3099
48.8716 2.2838
48.8748 2.31997
48.8943 2.31311
48.878 2.30538
48.871 2.29953
48.876 2.28703
48.8811 2.28355
48.8941 2.32091
48.8663 2.32414
48.8705 2.29557
48.8816 2.30526
48.8833 2.31926
48.8913 2.32687
48.8626 2.29239
48.8828 2.32426
48.8815 2.28507
48.8731 2.3171
48.8743 2.29544
48.8717 2.30637
48.8721 2.32596
48.8644 2.30179
48.8732 2.32543
48.8808 2.28524
48.8915 2.32032
48.8889 2.29787
48.8906 2.3031
48.8814 2.31642
48.8702 2.30471
48.88 2.28266
48.8738 2.31952
48.8822 2.28843
48.8946 2.31287
48.8765 2.28279
48.8923 2.30099
48.8821 2.30768
48.8961 2.31834
48.8729 2.31598
48.8684 2.30222
48.8663 2.30803
48.872 2.30555
48.8871 2.29794
48.8742 2.32394
48.8778 2.32695
48.8711 2.31653
48.8842 2.31439
48.8851 2.29381
48.8922 2.32362
48.8648 2.30329
48.8779 2.29451
48.8771 2.28441
48.8686 2.29905
48.8728 2.29329
48.8658 2.29788
48.8949 2.31782
48.8901 2.30113
48.8753 2.29616
48.8738 2.29842
48.8707 2.32281
48.8785 2.28205
48.8766 2.31769
48.8708 2.32313
48.8942 2.32062
48.878 2.29159
48.8782 2.2989
48.8879 2.29587
48.8676 2.31464
48.8747 2.30545
48.8946 2.31397
48.872 2.29495
48.865 2.31604
48.8749 2.32048
48.8807 2.32474
48.881 2.31404
48.8785 2.28959
48.8804 2.30909
48.8678 2.29071
48.8826 2.32207
48.8818 2.28562
48.8911 2.30253
48.8629 2.32394
48.8848 2.32279
48.8641 2.29037
48.8704 2.32671
48.8953 2.31638
48.8664 2.32651
48.8943 2.32253
48.8671 2.31395
48.8973 2.32419
48.8826 2.3104
48.8737 2.28176
48.866 2.31567
48.8935 2.32389
48.8943 2.31504
48.8781 2.29156
48.8749 2.30531
48.866 2.32198
48.8849 2.30861
48.8702 2.30275
48.8685 2.28714
48.8779 2.2975
48.8739 2.29654
48.8861 2.29236
48.8804 2.30938
48.8661 2.30136
48.8826 2.29115
48.8845 2.2972
48.8832 2.32533
48.8712 2.31818
48.8958 2.32672
48.8818 2.30086
48.873 2.29313
48.8875 2.32212
48.8709 2.32449
48.8664 2.29113
48.8647 2.30217
48.8975 2.32777
48.8778 2.3156
48.8842 2.28932
48.8716 2.28662
48.8671 2.30408
48.8678 2.30762
48.8709 2.30109
48.8945 2.31369
48.8745 2.28996
48.8791 2.29687
48.8752 2.31283
48.8845 2.31949
48.8775 2.31056
48.8797 2.29123
48.8829 2.31764
48.8686 2.29554
48.8838 2.28873
48.867 2.31604
48.8649 2.30793
48.8886 2.3202
48.8786 2.29422
48.88 2.32158
48.8696 2.30224
48.8795 2.28737
48.8741 2.29817
48.869 2.32532
48.8657 2.2958
48.8739 2.28546
48.8677 2.30771
48.8664 2.29916
48.8808 2.28388
48.8724 2.30413
48.8774 2.3149
48.8711 2.31629
48.865 2.28867
48.8672 2.31021
48.8733 2.32098
48.8659 2.30392
48.891 2.29904
48.8866 2.30154
48.865 2.28943
48.8642 2.30154
48.8835 2.30602
48.8728 2.30808
48.8736 2.29252
48.8638 2.29064
48.8718 2.3142
48.8964 2.31042
48.894 2.31759
48.8851 2.3068
48.884 2.29361
48.8692 2.30915
48.8866 2.31308
48.8728 2.31072
48.8745 2.30512
48.884 2.32242
48.887 2.29394
48.878 2.30524
48.8838 2.32278
48.8812 2.30101
48.8751 2.30985
48.887 2.32304
48.8888 2.30131
48.8713 2.30248
48.8756 2.31477
48.8767 2.28267
48.8647 2.30132
48.878 2.29371
48.8646 2.29321
48.8948 2.31848
48.8875 2.32559
48.8732 2.29515
48.8731 2.32675
48.8816 2.31511
48.8684 2.30114
48.8708 2.3252
48.8818 2.30295
48.8703 2.29527
48.8759 2.30315
48.8763 2.30795
48.8831 2.31042
48.8824 2.29423
48.882 2.3205
48.8709 2.32487
48.8764 2.30788
48.8732 2.3002
48.8646 2.31941
48.8629 2.29194
48.8872 2.32716
48.8876 2.29492
48.8859 2.30386
48.8871 2.29799
48.881 2.32471
48.8848 2.2983
48.8823 2.28324
48.886 2.2891
48.8821 2.32118
48.8872 2.29746
48.8874 2.29649
48.8862 2.314
48.8779 2.28103
48.8643 2.30084
48.8693 2.32371
48.8663 2.28647
48.8919 2.32618
48.8768 2.30227
48.8949 2.31805
48.877 2.30298
48.9011 2.32703
48.8917 2.32303
48.8845 2.29908
48.8961 2.3109
48.8746 2.29696
48.8754 2.32388
48.8938 2.31455
48.8767 2.31945
48.8732 2.28476
48.887 2.30166
48.8759 2.2891
48.8753 2.31933
48.8808 2.32706
48.8871 2.31767
48.8702 2.30132
48.884 2.31851
48.8715 2.32311
48.8797 2.28949
48.8854 2.31031
48.8818 2.31116
48.8694 2.31325
48.8919 2.32211
48.8959 2.3237
48.8705 2.31009
48.8833 2.3258
48.8691 2.28981
48.8662 2.2935
48.8826 2.32336
48.8683 2.31015
48.8797 2.28193
48.893 2.31008
48.8684 2.32327
48.8604 2.2905
48.8883 2.29396
48.8696 2.28565
48.8748 2.2917
48.8845 2.31481
48.8771 2.27986
48.892 2.3033
48.8744 2.28284
48.8881 2.30233
48.8713 2.2932
48.8748 2.31941
48.8878 2.31836
48.8836 2.32389
48.8625 2.29256
48.8965 2.32511
48.8719 2.30114
48.8707 2.32141
48.8696 2.28506
48.879 2.30241
48.8768 2.30237
48.8712 2.28886
48.8801 2.29564
48.8747 2.29163
48.8662 2.28953
48.8673 2.30595
48.8932 2.31765
48.878 2.3051
48.8698 2.32238
48.8895 2.31867
48.8755 2.28933
48.8633 2.28814
48.8889 2.30135
48.8661 2.3076
48.8789 2.3231
48.9006 2.32359
48.8837 2.32759
48.8834 2.3275
48.8772 2.29485
48.8942 2.31386
48.8735 2.30347
48.8805 2.31934
48.8797 2.3269
48.8809 2.31756
48.8718 2.29553
48.8739 2.3159
48.8897 2.29962
48.8879 2.31096
48.8784 2.29425
48.8829 2.28996
48.863 2.29521
48.8871 2.29752
48.8856 2.31979
48.8764 2.30121
48.8967 2.31044
48.8804 2.31922
48.8825 2.30551
48.897 2.32746
48.8822 2.30449
48.8671 2.30312
48.8831 2.29204
48.8921 2.31754
48.8766 2.28261
48.8886 2.31565
48.882 2.28561
48.8842 2.3235
48.8867 2.32773
48.8643 2.29347
48.8826 2.29744
48.865 2.29031
48.8732 2.28445
48.8641 2.29946
48.872 2.29076
48.8863 2.31264
48.88 2.29884
48.8882 2.31057
48.8903 2.30089
48.8744 2.32273
48.8691 2.31482
48.8778 2.27944
48.867 2.2983
48.8649 2.29159
48.8776 2.29033
48.8725 2.29621
48.8696 2.31903
48.8876 2.2987
48.8799 2.3207
48.883 2.31815
48.8771 2.31133
48.8811 2.28416
48.882 2.32445
48.8848 2.31328
48.8815 2.30211
48.8837 2.31784
48.8722 2.28758
48.8983 2.32549
48.8647 2.29456
48.8686 2.2989
48.867 2.30644
48.8765 2.30774
48.881 2.28436
48.8646 2.29368
48.8774 2.30818
48.875 2.30866
48.8813 2.32708
48.867 2.30127
48.8943 2.31367
48.8778 2.28803
48.8784 2.28921
48.8787 2.30085
48.8801 2.30462
48.8891 2.30421
48.8689 2.32118
48.8817 2.30053
48.8737 2.30056
48.8819 2.31874
48.8704 2.31749
48.8695 2.31333
48.8806 2.30842
48.8753 2.31579
48.8765 2.29457
48.8934 2.32758
48.8966 2.30961
48.875 2.29112
48.864 2.29332
48.8644 2.29317
48.8726 2.32399
48.8854 2.29103
48.8599 2.29071
48.8603 2.29115
48.8817 2.31774
48.8756 2.29342
48.8886 2.2972
48.8904 2.32656
48.8852 2.29567
48.8839 2.29504
48.8767 2.3193
48.8697 2.3101
48.8848 2.32476
48.8788 2.32224
48.8933 2.30381
48.8744 2.29494
48.8867 2.31702
48.893 2.316
48.8795 2.29074
48.8874 2.29162
48.8827 2.31697
48.866 2.32502
48.8712 2.29547
48.8684 2.30907
48.8699 2.30016
48.8711 2.28343
48.8853 2.31622
48.8961 2.31047
48.8797 2.29935
48.9011 2.32725
48.8948 2.31841
48.8709 2.32465
48.8722 2.30906
48.8742 2.29892
48.8831 2.28379
48.8758 2.32292
48.8722 2.2939
48.8805 2.30975
48.8756 2.3239
48.8763 2.28725
48.879 2.31336
48.891 2.32522
48.8751 2.29122
48.8683 2.31
48.8691 2.3103
48.8866 2.32599
48.8787 2.28002
48.8735 2.30915
48.8776 2.31022
48.8896 2.30109
48.8749 2.30181
48.8736 2.29591
48.8719 2.31869
48.8919 2.31791
48.8805 2.30861
48.8879 2.31112
48.8944 2.31563
48.8746 2.32036
48.8866 2.31846
48.885 2.3107
48.8748 2.32677
48.8924 2.32477
48.865 2.29589
48.8747 2.32004
48.8807 2.31705
48.8829 2.30906
48.8989 2.32482
48.8812 2.2928
48.8984 2.32326
48.8845 2.32695
48.8809 2.32109
48.8687 2.30173
48.8664 2.30781
48.8838 2.32118
48.8854 2.30348
48.8965 2.31058
48.8851 2.29787
48.8849 2.29792
48.8665 2.29074
48.8903 2.32076
48.8749 2.31848
48.895 2.32784
48.8707 2.31972
48.878 2.29432
48.8772 2.32692
48.8822 2.30116
48.8667 2.29946
48.8833 2.30194
48.8886 2.29364
48.8657 2.29978
48.8731 2.29724
48.8849 2.31346
48.8699 2.28529
48.8642 2.32026
48.8849 2.32501
48.8782 2.30522
48.8872 2.30079
48.8763 2.29402
48.8872 2.31938
48.884 2.28911
48.8805 2.30992
48.8629 2.29207
48.8801 2.30221
48.8872 2.30479
48.8793 2.31845
48.8895 2.29913
48.877 2.28994
48.8666 2.32197
48.8693 2.30922
48.8701 2.3232
48.8836 2.32736
48.8852 2.30721
48.8651 2.29891
48.8875 2.30748
48.8756 2.28945
48.8695 2.32513
48.8803 2.29246
48.8821 2.29171
48.8833 2.32718
48.8732 2.31793
48.8701 2.30651
48.8658 2.29751
48.8696 2.32593
48.8883 2.32586
48.8854 2.32382
48.8818 2.30113
48.8903 2.31717
48.8829 2.29373
48.869 2.30986
48.8953 2.31239
48.8817 2.31487
48.8741 2.29835
48.8819 2.31128
48.8747 2.32502
48.8893 2.3174
48.8737 2.2941
48.8899 2.31926
48.8739 2.28206
48.8694 2.28473
48.869 2.32369
48.865 2.28856
48.8751 2.29387
48.869 2.30311
48.871 2.29419
48.8808 2.30611
48.8852 2.30358
48.8643 2.31036
48.8852 2.32534
48.8715 2.30252
48.8659 2.31995
48.8894 2.32233
48.8738 2.29596
48.8794 2.32551
48.865 2.30325
48.88 2.31543
48.8837 2.28447
48.8833 2.3157
48.8854 2.29847
48.8815 2.31566
48.8728 2.31005
48.8898 2.29765
48.8697 2.32506
48.8853 2.29695
48.8734 2.32242
48.8791 2.29096
48.8697 2.29824
48.8667 2.32237
48.8728 2.32649
48.8906 2.32018
48.8664 2.28967
48.8804 2.30885
48.894 2.32781
48.8745 2.30219
48.8726 2.2838
48.8799 2.32413
48.8916 2.32697
48.8682 2.29263
48.8765 2.31278
48.8801 2.28791
48.8691 2.30449
48.8913 2.30619
48.8627 2.3244
48.8742 2.31751
48.8846 2.30796
48.8695 2.28557
48.8861 2.29487
48.8647 2.30659
48.8808 2.28995
48.8989 2.32644
48.8731 2.28396
48.8816 2.2952
48.8794 2.28242
48.8697 2.28502
48.8877 2.3114
48.8665 2.29666
48.883 2.32415
48.8719 2.31925
48.8661 2.31894
48.8863 2.32612
48.8742 2.32692
48.8711 2.3166
48.883 2.29819
48.8863 2.30717
48.8897 2.32173
48.8639 2.29911
48.8802 2.28246
48.8674 2.30578
48.8784 2.29424
48.8705 2.31282
48.8695 2.32358
48.8731 2.31005
48.8649 2.29398
48.8852 2.32542
48.8896 2.30404
48.8679 2.29549
48.8784 2.31554
48.8841 2.28625
48.8757 2.32027
48.8796 2.30535
48.8654 2.29432
48.882 2.31454
48.8671 2.29551
48.888 2.29968
48.8811 2.31493
48.865 2.31371
48.8927 2.30441
48.8714 2.31006
48.8645 2.30126
48.8884 2.31726
48.8917 2.30136
48.8879 2.32271
48.8609 2.29153
48.8685 2.2912
48.8869 2.30116
48.8696 2.29818
48.8747 2.30349
48.895 2.31566
48.8792 2.28063
48.8796 2.29798
48.877 2.2825
48.8806 2.30962
48.8828 2.30898
48.8886 2.30088
48.8977 2.31342
48.8693 2.32441
48.8734 2.32366
48.873 2.32358
48.8658 2.30403
48.8829 2.29079
48.8663 2.30763
48.8754 2.30882
48.8854 2.30311
48.8666 2.2995
48.8749 2.31438
48.8812 2.31658
48.8868 2.32592
48.8774 2.28136
48.8733 2.29556
48.8724 2.29406
48.8719 2.30085
48.8711 2.29186
48.8745 2.31944
48.8725 2.28302
48.8734 2.29223
48.879 2.31478
48.8915 2.32385
48.8668 2.3213
48.8732 2.29712
48.864 2.29085
48.8844 2.29441
48.8867 2.32779
48.8956 2.32833
48.88 2.28837
48.888 2.32576
48.8864 2.32238
48.8841 2.28898
48.8796 2.30372
48.8748 2.28617
48.8737 2.29221
48.8757 2.30955
48.8625 2.29392
48.8829 2.29638
48.8859 2.30641
48.9012 2.32721
48.8694 2.28767
48.8792 2.30302
48.8969 2.31022
48.8729 2.2914
48.8737 2.32252
48.8862 2.30335
48.8694 2.32517
48.8804 2.29273
48.865 2.30144
48.8875 2.31364
48.872 2.29661
48.8954 2.32829
48.8865 2.29577
48.8657 2.29267
48.8753 2.31841
48.8779 2.28478
48.8822 2.32173
48.885 2.319
48.8661 2.29967
48.8738 2.28789
48.8853 2.30181
48.8776 2.31328
48.877 2.29232
48.8712 2.32004
48.8823 2.3043
48.8953 2.32148
48.8848 2.31314
48.8642 2.30013
48.8963 2.31003
48.8822 2.28851
48.8729 2.29832
48.875 2.30918
48.868 2.30471
48.8916 2.31849
48.8748 2.28403
48.8838 2.29269
48.8876 2.3047
48.8782 2.28406
48.869 2.31475
48.8672 2.31005
48.8856 2.32495
48.8867 2.3054
48.8806 2.29517
48.8752 2.29043
48.8725 2.32153
48.8765 2.29472
48.8975 2.32326
48.8767 2.30147
48.8896 2.30185
48.8699 2.31193
48.8676 2.30772
48.8609 2.2912
48.8722 2.29937
48.8717 2.2935
48.8823 2.28631
48.8805 2.31649
48.8872 2.31385
48.884 2.31222
48.8873 2.29789
48.8649 2.30223
48.8663 2.3213
48.8876 2.29467
48.893 2.31819
48.8673 2.29535
48.8784 2.29548
48.8667 2.32557
48.8649 2.32029
48.8661 2.29658
48.877 2.31334
48.8727 2.29858
48.8772 2.28371
48.8868 2.30215
48.8878 2.30708
48.8656 2.30354
48.8806 2.31838
48.8908 2.32599
48.8756 2.30378
48.8884 2.29901
48.884 2.30868
48.868 2.30281
48.8958 2.32184
48.8868 2.29541
48.8857 2.29152
48.8702 2.31105
48.8657 2.29971
48.8831 2.30833
48.8739 2.32579
48.8842 2.2854
48.8869 2.29094
48.8863 2.32076
48.878 2.28832
48.887 2.30814
48.8686 2.29571
48.8643 2.30222
48.8855 2.29306
48.8775 2.30991
48.8894 2.29761
48.8667 2.3013
48.8713 2.31571
48.8744 2.30121
48.8732 2.285
48.8767 2.29718
48.8909 2.31973
48.8789 2.28174
48.8679 2.29571
48.8604 2.29126
48.8718 2.30026
48.8649 2.29414
48.8818 2.29106
48.8811 2.28971
48.8838 2.31199
48.8805 2.32133
48.8695 2.29573
48.8909 2.30477
48.8838 2.32497
48.873 2.30276
48.8712 2.32164
48.8981 2.32403
48.8668 2.31007
48.8779 2.31004
48.8705 2.28964
48.8935 2.30379
48.867 2.30632
48.8738 2.32687
48.8661 2.30783
48.8653 2.30143
48.8758 2.29654
48.8889 2.31795
48.8739 2.29116
48.8713 2.31611
48.872 2.28254
48.8782 2.29777
48.8646 2.30356
48.8648 2.29662
48.8639 2.2989
48.8674 2.31269
48.8816 2.29132
48.8649 2.31847
48.8849 2.32678
48.8636 2.29459
48.8951 2.32129
48.8947 2.32754
48.8779 2.2879
48.8801 2.31994
48.8759 2.28118
48.8764 2.30781
48.887 2.29389
48.875 2.30829
48.8954 2.31654
48.8668 2.3026
48.8828 2.30299
48.8942 2.32705
48.8722 2.31256
48.8966 2.32716
48.8888 2.32333
48.8782 2.28338
48.8899 2.29753
48.874 2.29416
48.8699 2.31213
48.8884 2.29233
48.8694 2.29786
48.8648 2.31759
48.8689 2.31468
48.8782 2.28453
48.8789 2.27819
48.8725 2.29199
48.8647 2.30779
48.8774 2.29442
48.8647 2.30622
48.8753 2.29081
48.9003 2.322
48.8808 2.30371
48.8766 2.2944
48.8875 2.2967
48.8726 2.31473
48.8649 2.31804
48.8647 2.29359
48.871 2.32297
48.8867 2.30861
48.8854 2.29342
48.8766 2.29106
48.8674 2.29762
48.8804 2.30283
48.8837 2.3167
48.8734 2.29424
48.8904 2.30264
48.8675 2.31458
48.8644 2.29287
48.8917 2.32121
48.8758 2.32293
48.8975 2.32859
48.8819 2.29586
48.8829 2.29935
48.8815 2.31601
48.8899 2.30262
48.888 2.32463
48.8955 2.32653
48.8807 2.28537
48.871 2.31642
48.8718 2.29871
48.8742 2.30744
48.8864 2.31813
48.8707 2.32282
48.8816 2.3007
48.8859 2.30958
48.8833 2.32681
48.8769 2.32166
48.895 2.31766
48.8687 2.29588
48.8804 2.30924
48.8689 2.29151
48.8895 2.32001
48.8811 2.28555
48.8781 2.30542
48.8717 2.32212
48.8859 2.2891
48.8699 2.301
48.8806 2.30908
48.8821 2.31561
48.8743 2.29452
48.8654 2.30319
48.901 2.32692
48.8675 2.30133
48.8772 2.28341
48.8771 2.28182
48.8641 2.30092
48.8764 2.28661
48.8891 2.32273
48.8686 2.30929
48.8727 2.3082
48.8668 2.32209
48.8707 2.32555
48.8701 2.30666
48.8804 2.31737
48.875 2.30659
48.8776 2.28372
48.8961 2.32254
48.89 2.32123
48.8945 2.31982
48.8784 2.29841
48.8933 2.31536
48.8851 2.30327
48.8763 2.31092
48.8973 2.32435
48.8724 2.28464
48.8695 2.30039
48.8816 2.31883
48.884 2.31407
48.8791 2.32313
48.8787 2.28597
48.8904 2.30191
48.8704 2.3129
48.8956 2.32661
48.8823 2.32606
48.8852 2.29101
48.8656 2.3014
48.8741 2.29128
48.8822 2.32035
48.8886 2.29839
48.8845 2.31131
48.8765 2.30812
48.8818 2.28522
48.8938 2.31189
48.8795 2.29778
48.8891 2.30216
48.8897 2.31667
48.8674 2.30363
48.8826 2.28936
48.8811 2.29716
48.8785 2.29848
48.8924 2.30257
48.8838 2.30477
48.8876 2.29576
48.8834 2.28816
48.8975 2.32654
48.8883 2.32418
48.87 2.31177
48.8695 2.3134
48.8974 2.32194
48.873 2.2845
48.8844 2.28945
48.8857 2.32164
48.8795 2.29362
48.8804 2.3192
48.881 2.30028
48.8724 2.29413
48.8771 2.30033
48.8777 2.31488
48.8958 2.3245
48.8809 2.30394
48.8801 2.30914
48.8712 2.31612
48.885 2.29665
48.8855 2.29326
48.8789 2.28566
48.8628 2.29201
48.8752 2.28646
48.8668 2.28997
48.8628 2.29181
48.8878 2.31039
48.8691 2.30109
48.8677 2.31018
48.8693 2.32475
48.8691 2.30994
48.8732 2.30735
48.8602 2.29049
48.866 2.32198
48.8752 2.31626
48.8962 2.31015
48.8857 2.29166
48.8672 2.30193
48.8851 2.31087
48.8807 2.3001
48.8647 2.30175
48.8988 2.32285
48.8693 2.32389
48.8829 2.31475
48.8729 2.29812
48.8884 2.30034
48.8775 2.31048
48.8896 2.32628
48.8649 2.29453
48.8825 2.29414
48.8935 2.32341
48.8668 2.30129
48.8891 2.31611
48.8735 2.29584
48.8951 2.31205
48.8935 2.32536
48.8953 2.32408
48.8814 2.31551
48.8852 2.30338
48.8697 2.32645
48.8708 2.29452
48.8809 2.32454
48.887 2.29785
48.8706 2.30095
48.8759 2.29332
48.871 2.30091
48.8866 2.29138
48.8836 2.30446
48.8911 2.31804
48.8956 2.31172
48.8865 2.31126
48.8645 2.30493
48.8819 2.31354
48.8762 2.32048
48.8632 2.29156
48.8899 2.30012
48.8767 2.29454
48.8795 2.30924
48.875 2.32458
48.8736 2.31098
48.8652 2.2998
48.8694 2.31094
48.8785 2.31237
48.8783 2.31986
48.8969 2.31037
48.8661 2.2895
48.8897 2.30285
48.8805 2.32517
48.8646 2.31034
48.8855 2.30804
48.8705 2.29548
48.8849 2.29665
48.8799 2.29438
48.8816 2.29237
48.8786 2.27924
48.8872 2.31223
48.8774 2.28405
48.8709 2.30884
48.8685 2.28914
48.8778 2.31631
48.8755 2.30355
48.8912 2.3247
48.8744 2.29295
48.8722 2.32177
48.8651 2.31936
48.8697 2.32345
48.8701 2.30141
48.8863 2.29542
48.8752 2.32383
48.8793 2.29147
48.8863 2.30054
48.8718 2.29536
48.8721 2.30348
8399 8401 1 4 36
11105 3149 2 6 90
1610 5729 1 8 79
7880 3817 1 24 124
7228 7222 1 3 27
2717 6809 2 19 26
6283 6279 1 11 117
3273 7325 2 8 112
6679 6685 1 4 63
9560 9568 1 66 524
10820 2822 1 8 99
3981 3999 1 34 275
4014 126 2 4 60
9738 5867 1 14 166
8513 438 2 6 74
10750 10742 1 4 22
3465 3451 1 8 91
7283 7295 2 10 147
9456 1419 1 3 18
442 8517 1 1 14
10981 10991 2 7 47
10811 6886 1 4 38
4501 8399 1 7 96
7892 3800 2 21 124
4559 8477 1 23 95
241 4156 1 9 76
4559 8502 1 24 248
119 8083 1 14 111
9098 1018 1 5 62
8941 5090 2 33 104
9702 9731 1 142 603
4801 8655 1 9 111
5353 5330 2 4 46
8214 248 1 11 84
5475 1282 1 3 47
8117 3984 1 20 228
5513 1364 1 82 114
6502 10360 1 13 182
5050 8981 2 1 13
202 8252 1 60 206
2395 6428 1 9 75
1696 9730 1 4 58
8338 303 2 11 128
810 803 2 9 81
4581 4594 1 2 37
6067 1983 2 3 17
8228 8232 1 20 239
61 8131 1 22 312
8035 107 1 2 27
2224 10306 2 11 115
6751 10712 2 11 110
10593 6633 1 1 7
8657 8594 1 8 87
10650 2745 2 170 236
4705 606 1 9 65
1725 9768 1 2 12
2316 10250 1 6 61
9602 9649 1 58 81
6574 6493 1 4 26
2510 6670 1 10 146
9189 1065 1 9 125
9820 9894 1 16 108
2000 10050 1 117 163
7300 11113 1 45 63
463 404 1 47 366
11103 3227 1 3 42
11113 3200 1 15 36
4916 719 1 2 31
5468 5541 1 3 38
4915 8744 2 19 187
6260 6191 2 1 19
126 43 1 6 75
8299 4231 1 2 24
6958 2980 1 2 25
5867 1696 1 8 85
1381 5467 2 15 99
2582 6590 2 1 9
10022 9920 1 3 54
2391 6528 1 22 55
3344 7365 1 1 6
1282 9418 2 8 67
4925 4830 2 80 399
8386 4464 1 11 163
10871 2991 1 1 22
645 4715 1 3 24
10499 10548 1 19 163
8177 8228 2 5 70
6699 6819 2 20 139
9376 9387 1 12 171
10937 7017 1 4 14
7400 11281 1 20 49
3070 11053 1 5 70
9174 1030 2 4 20
1904 6130 1 5 43
4002 8223 2 3 42
127 241 1 24 337
11303 3227 1 4 49
3137 3012 1 32 149
11315 11178 1 28 157
10957 7203 2 1 18
4949 5050 1 1 13
113 4162 1 18 71
3712 3856 1 12 160
3981 4125 1 23 181
4564 264 2 1 23
8279 4360 1 8 61
6668 6575 1 5 58
5235 9287 1 17 174
3200 7430 1 6 63
420 259 2 7 106
5873 1610 2 4 28
4339 4221 1 2 29
9418 1519 2 6 86
6088 5982 2 1 14
126 8215 1 9 72
7087 10890 1 26 152
8506 4441 1 5 76
1628 5914 1 22 235
3577 7485 1 2 31
4521 8532 1 14 103
7721 3479 1 10 97
10183 10289 1 4 63
8083 8232 1 102 144
6632 6452 1 22 194
8854 905 2 7 71
5527 5623 1 18 76
1668 9738 2 1 12
501 8386 2 27 233
2290 10184 1 1 17
2184 10297 1 1 11
500 8406 1 10 119
3611 7610 2 21 174
10714 2822 2 10 111
960 8918 2 8 98
933 8832 1 2 17
3332 3150 2 6 36
8865 899 1 5 28
501 4464 1 19 220
751 560 2 1 16
6673 10384 2 1 25
7041 7090 2 26 36
2529 6574 1 1 21
6943 10656 1 25 221
3767 3813 2 7 102
3012 11027 2 2 22
5546 5505 2 1 10
9362 1523 1 4 51
3416 3622 1 15 22
10321 10136 1 6 79
10852 10632 2 4 33
7086 10943 1 10 130
3540 7571 2 14 125
8886 5079 2 2 17
10535 2365 1 63 886
4139 3931 1 2 30
9772 9560 1 70 295
11160 7429 2 70 97
1331 9477 1 87 1183
4925 8592 1 4 40
4694 751 2 8 66
2381 6640 2 8 119
5493 1440 2 14 176
10867 7176 1 11 57
3962 8229 2 4 57
9164 1166 1 13 54
8168 4004 2 11 131
3137 2894 2 2 13
982 8840 1 10 108
2602 2877 1 1 18
7637 3510 1 3 45
6649 2825 2 29 41
2749 10474 1 6 78
2890 11103 1 7 106
8756 457 1 4 61
8354 4721 1 18 85
11205 3004 1 7 59
5131 9273 1 29 257
3329 11037 2 17 205
10533 6887 2 84 166
528 4431 2 8 122
10594 2865 1 21 145
6640 10809 2 4 52
9355 1589 1 12 66
1848 10088 1 19 155
3395 11076 1 6 88
10340 6153 1 1 16
8853 1065 1 10 132
9661 1378 2 2 28
11231 11027 1 20 134
9376 9574 1 2 36
6806 2408 1 7 94
1497 9795 1 1 27
10539 2850 2 11 117
4234 30 1 22 197
7445 3104 1 4 49
7251 2889 1 29 62
2877 2563 2 1 22
9109 8845 1 5 40
9477 9702 1 75 803
2327 6121 2 24 231
4249 126 1 21 107
2683 2458 2 11 157
10805 6685 1 8 74
1051 8846 2 7 72
4491 651 1 24 70
9871 2198 1 21 151
7184 7425 2 7 109
3661 7559 2 8 47
4109 4297 1 32 45
2198 1884 1 4 37
10808 2493 1 12 176
402 728 2 8 66
10664 10356 1 28 235
2907 3247 1 13 138
945 9203 1 6 85
6080 6372 2 23 229
8832 5236 1 6 46
8423 8610 1 6 88
2297 1957 1 40 114
2822 2482 1 6 70
4453 641 1 5 65
4773 303 1 10 75
8278 9 1 23 283
2257 6161 1 2 29
9411 9611 1 13 158
6937 6603 1 29 187
6058 10315 1 9 126
7588 7793 2 17 127
9451 1786 1 11 114
10891 11205 1 23 222
2262 6074 2 1 7
6026 2123 2 1 17
2790 2590 1 79 176
8558 8714 2 1 13
4084 4360 1 1 20
6887 6610 1 28 204
2360 10719 1 35 101
1042 5011 1 10 85
9249 955 2 2 29
5505 9614 2 3 16
5766 9320 1 2 28
8592 373 1 43 247
9086 5013 2 14 143
4368 4105 1 26 114
4904 4559 1 1 25
982 1155 1 21 178
3107 11276 1 6 96
10272 2003 1 4 69
649 264 1 10 87
6895 2510 1 9 138
4354 4105 1 22 123
2655 2408 1 2 37
9584 1365 1 20 94
8354 4758 1 9 109
710 4624 1 1 19
645 285 2 2 12
10951 3166 1 2 21
10882 7306 1 10 102
9920 10344 1 5 81
2798 2381 2 2 40
9024 5280 1 14 110
5613 5741 1 8 94
2144 6125 1 6 77
397 4679 1 2 20
1312 9736 1 51 436
3437 3814 1 35 238
3004 7477 1 3 36
10650 6610 1 19 185
7222 3021 1 4 51
4838 8378 2 10 33
1440 5720 2 8 68
5075 5188 1 8 85
3174 10978 1 2 12
2779 2340 1 1 11
10144 10017 1 7 102
4231 4087 1 3 23
10965 11315 1 15 147
7201 3237 1 2 33
3280 2915 1 9 97
8441 8767 1 4 67
8520 645 1 7 42
10571 2683 1 11 63
8846 5364 2 9 74
7759 3601 1 3 23
3306 2936 2 112 156
1996 10088 1 3 30
5546 9614 1 1 8
2998 11303 1 7 98
7927 7501 1 19 248
10057 2144 1 2 31
457 4679 1 40 316
10289 1941 1 1 3
10241 5953 2 16 220
3655 7680 1 15 210
6630 6699 1 8 113
579 390 1 6 50
10943 3306 2 4 54
10040 10119 1 2 39
5172 9113 1 8 70
2144 6063 1 10 147
9362 1790 2 15 122
3001 11269 1 6 26
6002 2211 1 5 29
899 5245 1 6 89
4318 8098 2 2 27
5320 857 1 1 7
9355 1805 1 9 52
2339 2824 1 12 117
9987 2180 1 22 264
2965 3295 1 17 208
7002 3395 1 5 47
7490 7945 1 8 118
8676 8508 1 13 105
7124 11205 1 11 61
787 9287 1 22 316
5243 907 1 31 59
4940 1214 1 18 230
6290 1957 2 7 80
4605 4759 1 1 7
864 1180 2 1 14
1421 5779 1 56 239
1453 5751 2 26 193
1254 4960 1 1 23
5111 9141 1 48 67
10384 10820 1 12 92
2156 6093 1 2 36
1409 5762 2 5 55
2845 10384 1 29 220
8215 4222 1 30 100
2722 2496 1 5 63
5000 9260 2 2 18
4845 8406 1 4 51
463 8994 2 1 17
322 8876 1 24 305
6080 9463 1 79 110
6063 9451 1 7 55
6147 9515 2 2 28
9478 6100 1 3 49
6047 9438 1 9 122
6062 9446 1 20 217
1523 10050 1 15 147
9091 4723 1 12 109
8840 4447 1 1 10
9339 5941 1 7 84
10212 9680 2 9 74
107 7596 1 56 203
1983 1456 2 4 22
6372 9763 2 15 149
252 3800 1 13 189
9642 6287 2 4 66
6161 9529 1 107 242
4572 8942 1 18 208
9420 6019 1 14 207
6487 10887 2 16 103
219 7682 1 2 30
9664 6282 2 9 61
3150 6711 2 6 58
6225 9598 1 10 99
2870 3385 1 2 41
10161 5727 1 2 21
3383 6937 2 2 15
10022 1529 1 5 82
3044 10479 1 14 100
5227 8609 1 6 37
3581 8189 1 10 124
3736 8279 1 18 166
8189 7658 1 1 11
627 5235 1 125 174
6987 2395 1 3 39
9328 1851 2 11 148
6980 2387 1 11 64
2197 5751 2 10 137
10712 11180 1 1 16
3170 6751 2 34 241
3546 4103 2 18 252
10742 7365 1 3 14
811 4441 1 21 121
8744 1133 1 30 258
4174 7800 2 3 31
7333 6777 1 5 33
155 7661 1 31 160
4773 9164 1 19 187
3373 2854 2 1 16
11124 2639 1 61 217
9535 6129 2 7 99
7063 10432 2 14 91
4273 3708 2 4 17
3844 4409 2 9 94
8678 9113 1 39 149
10890 6550 2 1 20
551 9161 1 30 316
11267 6951 1 4 59
1212 8710 1 4 46
9613 6297 2 13 183
1365 9846 1 3 46
4277 7783 1 14 201
11186 10616 1 23 99
8767 9206 1 6 56
7350 2845 1 4 27
8477 8994 1 12 113
2458 10888 2 11 124
9837 1378 1 16 219
8168 7735 1 3 29
6007 1269 1 10 57
2429 10867 1 8 75
4906 5368 1 8 118
8115 3465 1 9 127
10191 5698 1 2 34
9768 2257 1 2 21
2590 7124 1 15 83
2300 9736 1 6 65
1406 10006 1 18 145
9100 649 2 6 56
10539 10998 2 6 40
5841 6382 1 22 311
6166 1409 2 2 35
2138 1580 1 12 100
11019 2553 2 1 15
11134 6782 1 48 270
11180 6758 1 38 206
8485 1002 2 3 14
5613 1990 2 9 98
5620 1981 1 12 120
5345 730 1 1 24
1180 4878 1 13 187
3303 2862 1 2 28
6924 7357 2 5 20
4019 7518 2 1 6
10780 7398 1 6 84
9446 6167 1 7 94
8846 8423 2 5 58
4775 9074 2 9 86
11155 2685 1 5 33
393 1000 2 26 200
4844 9275 2 6 67
6703 7344 1 8 100
1766 2143 2 11 16
564 9239 1 10 57
5729 10293 1 20 277
7398 6769 1 10 109
2641 11259 1 17 176
8696 5419 1 15 39
264 5058 1 12 170
3479 8212 1 6 81
4596 8854 2 123 378
10272 9617 2 18 189
804 402 1 5 70
9193 8805 2 4 65
8590 1140 1 21 280
7559 8229 1 3 47
5819 10127 1 12 115
921 4471 2 10 93
384 4963 1 11 73
5172 8434 2 18 223
8590 5368 1 10 98
9846 5553 1 15 155
11315 6823 2 9 72
2233 1548 1 1 15
10916 2582 2 1 14
6156 1331 1 183 1172
9067 719 1 6 41
2066 1336 1 5 50
857 4647 1 6 35
3227 6926 1 4 59
5762 10303 2 12 104
2429 7176 1 5 47
10747 7242 2 11 91
7642 3952 1 12 95
5751 2311 1 14 122
11311 6810 2 7 84
8127 7670 2 8 77
6364 9568 1 8 64
2975 6599 1 16 51
7281 2751 1 1 10
7540 4139 1 3 24
10921 10494 2 7 90
508 810 1 11 55
9224 601 1 6 26
6307 1632 2 10 68
1657 6346 1 11 122
6660 6958 1 1 17
10474 10942 1 15 214
500 8865 1 16 200
10115 5908 1 32 190
5941 5615 1 24 335
4311 7849 2 3 34
9198 8720 2 6 56
6943 11124 1 13 122
5111 8404 2 1 14
4458 5131 1 22 259
1786 10127 2 8 101
9768 2081 1 3 27
4648 4960 1 2 34
10025 5446 2 10 121
8108 3581 2 4 61
5024 4573 1 3 40
1929 1431 2 3 33
4103 3484 2 4 41
9649 2221 1 13 78
4354 7790 2 7 99
10809 7251 1 47 248
5720 2262 2 1 4
384 8933 2 1 14
7460 10616 1 68 155
6637 7029 2 1 22
715 8984 1 14 19
6024 5769 2 23 139
8642 8893 2 10 145
6999 2639 2 3 44
4273 3518 2 6 58
7536 4235 2 1 15
7969 235 1 6 30
1336 10144 1 4 50
7525 4234 1 16 199
2933 6765 2 4 29
10493 7341 2 31 257
11088 2858 2 345 479
1884 1584 1 2 26
5036 8684 2 32 45
10136 5467 1 24 187
4564 9206 1 42 204
10852 3126 1 4 57
8404 9141 1 4 60
4305 7642 1 21 125
1381 10176 2 1 11
3299 2529 1 2 31
1394 6325 1 3 54
273 5215 1 12 135
285 5228 2 1 11
2604 6994 1 15 86
6509 7309 1 1 22
3344 6662 1 46 186
4790 5020 1 11 89
2387 11121 1 1 16
10944 10664 1 6 75
9342 10110 1 8 96
10888 6714 2 13 96
6073 1713 2 6 80
4481 9189 1 5 80
3446 4196 2 1 12
6346 1406 1 5 48
10136 1262 2 11 15
3282 6630 1 1 16
3104 6937 1 32 213
4860 1000 1 8 50
10176 5467 1 40 117
9515 2231 2 14 19
8177 3894 1 6 39
828 8695 1 30 85
6428 3212 1 15 53
1180 8558 2 1 22
5058 8767 1 22 67
811 8677 1 32 212
1996 5904 1 11 116
7086 2825 2 28 305
9112 4537 1 9 78
11062 10750 1 6 49
752 931 1 30 426
5678 6002 1 18 210
1849 1617 1 19 217
5021 8582 1 9 126
7273 6452 1 9 137
10664 2896 1 7 65
5045 8599 1 11 131
5474 6283 1 12 177
8700 9024 1 2 34
8049 3742 1 19 91
2185 1278 1 16 187
9987 5873 2 9 102
1389 2314 2 12 92
155 3924 2 8 119
6912 3067 1 12 178
5005 4738 2 19 127
4960 641 1 10 33
328 5227 2 66 890
2182 9328 2 10 60
4147 7880 1 38 325
3182 6533 1 9 118
4516 1032 1 28 389
10326 5527 1 16 189
8508 5227 1 5 37
5245 8532 1 8 97
4572 1025 2 1 15
2300 1365 2 6 67
8710 804 1 5 63
7862 4172 1 4 59
843 8772 1 5 24
3814 8032 1 21 154
11151 2532 1 16 124
2825 10943 1 58 238
7063 10843 1 3 22
8757 4977 1 6 82
1267 2225 1 11 152
3404 10452 1 8 56
1580 6104 2 10 62
9529 2182 2 5 60
5819 9855 1 5 54
6703 10989 1 3 42
4647 1128 1 4 59
3287 6451 1 8 87
7736 8299 1 47 468
9998 5755 1 8 112
931 4731 2 5 63
3035 2619 1 8 81
606 9008 1 1 24
6493 3299 1 3 33
11088 10678 2 5 66
3093 6806 1 3 37
4322 7490 1 9 93
2948 10747 1 6 48
436 5198 1 9 124
6482 3282 1 50 144
1729 9829 1 8 119
3539 4217 1 8 105
9598 6053 1 38 256
11225 2395 1 7 62
203 7862 1 4 54
3193 2481 1 37 293
9161 495 1 6 73
386 9122 1 29 406
4196 7660 1 238 331
9451 10127 1 7 87
5552 2143 1 11 115
1805 5969 1 12 47
8098 3820 1 7 102
7382 2439 1 26 320
10110 1519 2 2 18
5627 6228 1 1 19
2991 10775 1 10 90
8978 627 1 53 161
3121 10611 1 11 126
8229 3661 1 1 23
6074 5726 1 6 72
8377 5405 2 5 45
5636 6228 1 8 122
4569 1121 1 8 84
651 5065 1 6 95
10134 5620 1 1 13
2311 1274 1 12 137
6283 1389 2 9 134
6244 1440 2 12 58
5741 1990 1 3 26
9855 1786 1 5 37
3093 2655 2 8 96
1941 9684 1 10 75
5330 366 1 8 114
9614 2003 1 59 256
5019 699 2 4 65
1453 6244 2 51 332
8387 5371 2 12 53
4518 1156 2 3 52
3196 6643 1 1 6
10432 9409 2 13 104
2493 1412 1 1 5
1269 6428 1 18 251
264 7502 1 3 27
7247 10118 1 11 118
4360 9263 1 3 49
965 8214 1 19 171
2221 3306 1 12 106
10257 11252 1 38 257
6979 5935 1 2 17
7392 10241 2 2 23
22 779 2 12 156
121 883 1 7 72
203 952 1 19 115
7773 4685 1 15 163
5042 119 2 2 23
8889 8108 1 30 152
1419 2484 1 36 154
5005 8105 1 48 338
10542 5636 1 15 84
3497 4534 1 10 79
10050 3120 1 9 82
9611 10627 1 9 87
10407 5527 2 3 30
6228 3174 1 5 24
6628 5552 1 7 68
1737 2752 1 16 72
10087 11160 2 13 179
789 3973 1 14 91
2081 3196 1 6 89
6924 1767 1 24 320
7680 397 1 12 157
7430 2301 1 31 145
5065 182 1 24 300
6194 11153 1 112 214
2858 1767 2 10 132
6603 1421 2 1 15
7800 4691 2 2 26
54 4941 1 11 130
1842 7018 1 8 46
10452 5505 2 2 28
3611 518 1 27 76
4112 8941 2 2 18
3633 419 2 13 165
3817 8779 1 10 81
7721 438 1 21 142
5075 4131 1 19 173
3487 259 2 8 114
5982 3001 1 33 120
4759 7773 1 13 126
9731 2857 1 84 546
7221 6245 1 3 25
3746 4710 1 9 74
6765 5765 2 1 16
8744 3894 2 14 143
3204 10104 1 4 22
6832 1570 1 2 16
8279 5193 1 4 51
7837 4679 2 15 105
6528 5474 1 11 96
6245 11138 1 4 30
4112 5090 1 9 138
6222 7276 1 5 42
11248 10289 1 5 46
5583 10542 1 6 92
1691 2850 1 35 256
8677 7759 1 2 36
10206 3383 1 4 65
7398 10257 1 24 298
2824 5823 1 24 228
1738 6911 1 10 119
8871 3999 2 11 164
4035 4953 1 6 84
10989 2064 1 24 186
1767 2812 2 3 33
7661 4635 1 46 619
4653 7640 1 10 143
4963 113 2 3 46
2234 11315 2 2 19
1966 3126 1 2 22
8516 3464 1 5 83
5926 10972 1 16 225
8355 3576 2 24 280
10294 3219 1 7 56
728 3730 1 13 131
5578 2379 1 2 36
5727 6888 1 3 25
3820 4700 1 14 134
54 5111 2 14 118
5000 8205 1 8 92
10127 11272 2 5 65
10841 9642 2 27 86
8582 7892 2 8 52
2016 10942 1 4 42
5874 10664 2 12 89
9420 2575 2 5 29
7060 10055 1 3 43
2138 3373 2 5 62
2896 6058 1 2 30
8720 7751 2 24 184
2580 1375 1 4 27
2980 2005 1 20 203
225 8889 1 6 89
3104 1904 2 2 16
6199 3287 1 4 56
9998 2998 1 9 72
5419 8279 1 1 18
4301 9091 1 14 201
7964 4801 1 27 207
1672 10808 2 39 185
8141 8853 1 10 139
687 7804 1 5 53
5467 6590 1 17 171
4035 961 2 1 24
8125 955 1 15 147
10719 9755 1 25 147
8994 121 2 1 12
9755 2740 1 2 38
7682 4529 2 3 27
5903 6769 1 6 94
7384 6205 1 5 60
7339 10125 2 1 26
86 9024 2 20 139
4162 843 1 19 253
1670 2825 2 7 28
4783 7952 1 7 82
6926 5755 1 2 22
3170 2295 1 1 11
5715 6951 1 31 146
8700 3738 2 13 53
4223 9303 2 45 184
5013 8151 1 2 23
2185 11269 1 2 16
3494 8485 1 6 48
931 127 2 1 16
2936 10031 2 9 49
7295 2224 2 9 136
6643 1274 1 11 139
6980 2036 2 2 21
6810 5823 2 19 141
9549 10397 2 2 26
9565 2816 1 5 71
5345 4273 2 1 17
6199 11315 2 2 18
6088 3001 1 18 128
8098 893 2 1 11
7637 4481 1 8 122
5419 4225 1 34 113
9527 10394 2 5 34
6685 9355 1 3 16
1991 7063 1 29 172
9455 2429 1 7 106
4711 7932 1 4 59
6560 9478 2 2 14
10250 3271 1 1 13
9555 2841 1 5 36
1617 6859 2 1 17
7247 10293 2 7 60
2450 9455 1 14 66
8321 1157 1 8 86
6668 5442 1 1 14
5598 6474 1 38 92
10875 2066 1 3 27
4125 8871 1 1 6
3622 4471 1 14 100
5723 6891 1 7 41
10452 5546 1 4 29
8889 8189 1 6 68
9767 2620 2 95 956
10744 1642 1 8 102
3227 2239 1 38 260
5610 6502 1 14 118
2825 5715 1 19 188
8401 3601 1 9 137
11121 2320 1 3 45
6569 5546 2 9 20
6590 1381 2 5 53
8513 3479 1 7 80
5562 10750 1 1 20
2510 5819 1 3 44
4713 7513 1 16 131
7513 8590 1 18 195
8232 1255 1 10 114
9203 161 2 7 76
3212 6007 1 7 74
6476 9611 1 6 89
1805 6685 1 4 47
2946 2103 1 33 469
6220 7032 1 1 18
2180 10944 1 32 247
10150 2986 1 2 28
9418 2722 1 4 59
7833 328 2 8 86
601 7572 1 14 104
9829 3150 2 8 107
8584 7505 2 3 36
11076 6413 1 10 95
2395 5693 1 70 166
9860 3170 2 1 10
7783 8324 2 2 9
7674 4820 2 10 65
9733 2496 1 16 163
2185 2980 1 34 215
6143 3395 1 12 91
7093 10259 1 3 51
9478 2781 1 27 151
6633 1696 1 5 81
839 8306 1 12 127
7400 10057 2 16 76
5280 86 1 5 56
3383 6130 1 58 260
6390 3126 1 8 102
5320 182 1 12 180
7731 8776 2 59 372
1544 6493 1 4 47
6157 7425 1 1 25
3449 8676 1 205 467
6279 2920 1 18 215
9614 6569 2 3 29
119 9100 2 5 74
7759 8399 1 18 138
9273 4045 1 10 99
7832 8338 2 10 144
6296 7022 2 4 48
905 4377 2 10 143
10145 2892 1 2 37
7596 4737 1 4 39
10893 2180 1 7 80
3535 8779 1 2 35
1274 6794 1 8 99
7644 724 2 1 21
4242 803 1 10 121
3290 10006 2 5 78
715 3637 1 2 24
7251 6039 1 75 104
95 9122 1 29 277
5281 9 2 28 204
2301 7087 1 31 189
5368 225 1 12 172
7571 4734 2 90 125
4084 9263 1 12 48
6911 1449 1 27 211
3658 8441 1 11 112
3510 528 2 13 119
1957 7477 1 8 112
7325 1849 2 1 18
6104 3373 1 8 110
7630 747 2 2 33
6633 5867 2 1 14
2722 1282 1 6 68
6574 1544 1 5 36
3303 10040 1 1 12
8684 7503 1 7 86
10087 3012 2 63 172
235 5334 1 10 111
4004 1051 2 7 55
3810 4653 1 25 49
7029 10142 2 7 54
9122 3981 1 40 77
2892 2185 1 85 140
5474 10666 1 12 145
4547 3658 1 10 139
282 3814 2 1 6
7680 579 1 19 121
10225 6979 1 8 85
9074 155 2 3 13
1626 10548 1 9 83
2035 3247 2 3 28
466 3742 1 7 97
8321 5172 2 3 53
2484 9569 1 9 127
11269 1877 1 33 92
9607 6603 2 2 16
8236 9174 2 9 83
4045 9075 1 33 320
386 3674 1 7 50
3596 8599 1 36 221
2553 5747 1 8 93
105 1255 1 20 195
2998 6414 1 7 90
7344 9821 1 42 59
983 8317 1 16 226
10596 5766 1 3 35
11147 6093 2 1 6
2527 9598 1 90 284
1262 6849 1 41 93
10306 10957 2 1 20
1117 4125 1 11 60
229 9193 1 10 66
2563 1668 2 60 692
10763 1262 1 29 136
7783 4547 1 44 153
5193 4084 1 4 27
5442 2782 1 1 16
5541 6895 1 1 25
2947 6307 2 19 134
3383 1904 1 15 207
6414 7041 1 32 264
9568 2527 1 35 294
9617 6582 2 3 41
2639 1418 1 3 41
8406 3815 1 4 44
6790 1413 1 38 456
3930 9263 1 10 59
8249 1059 2 3 45
2685 9456 1 21 218
6532 5807 1 12 80
3856 4529 1 10 96
10125 11088 2 49 453
3207 6062 1 1 17
2239 7075 1 6 82
7032 6407 1 6 69
11151 10022 1 2 35
7514 4883 2 4 30
6407 2946 1 38 201
1344 2748 1 2 30
7261 10031 1 13 153
6891 5444 1 1 7
2685 1419 1 27 214
2340 5874 2 7 76
3121 6240 1 14 126
2180 3035 1 7 63
9918 3302 1 3 50
6191 7189 1 27 199
457 7837 1 78 312
1981 7297 1 58 464
8507 7833 2 8 86
7022 10294 1 25 360
6205 11076 1 8 60
3465 4877 1 3 55
4801 3539 1 11 163
6045 7347 1 29 131
2324 2890 1 8 91
9894 7374 1 7 76
9085 8228 1 19 258
3308 6021 1 13 145
8782 3451 1 13 186
6585 5788 1 8 51
2081 11082 1 6 45
10087 3137 2 8 48
5468 2929 1 2 25
2260 6878 1 11 77
1155 7892 1 10 131
4518 8115 1 1 7
4020 8444 1 20 133
11147 5711 1 28 336
5798 3280 1 9 74
1453 3067 2 15 204
10571 10025 2 17 59
8626 4234 1 10 150
10890 9370 1 3 42
1775 7431 1 11 117
1872 2397 1 27 202
5069 3535 1 12 177
6390 6887 1 5 67
6794 10145 1 5 47
1278 6958 1 18 25
7261 9602 1 4 51
1032 3655 1 1 15
7622 5075 2 1 11
11269 9712 1 21 141
9795 7445 1 44 156
2751 2239 1 22 180
641 4254 1 4 34
9463 3089 1 14 128
9243 3806 1 3 44
5024 7564 2 2 20
5353 3820 1 14 123
4960 7540 1 15 168
4710 4231 2 18 138
10843 6382 1 24 238
2496 2000 1 9 131
2365 1837 1 4 39
1617 3273 1 31 162
6819 10144 1 17 164
3510 5020 1 6 70
4004 8444 1 66 487
9016 7721 1 28 129
7295 9647 2 11 125
4669 202 1 5 52
4069 4594 1 8 104
10134 10603 1 21 171
9871 6433 1 27 93
9820 6528 1 14 195
4589 4147 1 28 221
1294 7060 1 3 48
370 3962 1 3 51
5765 11134 2 50 177
11288 5798 1 6 13
7203 5585 2 5 72
5747 7221 1 7 62
5461 10951 1 3 50
5562 11062 1 3 48
10046 6632 1 23 136
10891 5525 1 1 13
11153 5788 1 20 212
6447 9868 2 13 135
10627 6260 2 1 4
5475 10965 1 13 97
10972 5610 1 2 19
10061 6625 2 2 25
9852 6575 1 2 22
5903 11252 1 25 146
2929 5541 1 3 37
6552 1884 1 1 1
2340 1914 1 22 197
3637 8984 1 3 36
10291 2779 1 5 62
8461 225 1 137 191
1691 7429 2 7 85
9249 3900 1 13 146
10493 2014 1 16 218
5390 7880 1 58 243
5908 11259 1 10 103
6625 10010 2 18 188
2532 6143 1 11 64
5493 7007 1 16 189
10991 1523 1 9 113
10006 10519 1 15 167
2391 9894 1 21 176
6599 6166 1 1 21
9615 3241 2 10 107
4537 21 1 29 260
10678 10112 2 5 47
4529 3930 1 25 110
9950 6668 1 3 34
10054 6582 1 32 162
8212 8513 2 10 108
9459 11088 2 14 194
7793 1080 2 4 8
6951 10212 1 73 349
6620 6125 2 16 200
6849 10321 1 14 51
10240 6911 1 16 111
1729 3193 1 3 25
1990 2396 2 70 231
5527 7189 2 49 136
1065 7927 1 12 102
8864 3596 1 17 24
4319 4705 1 11 69
3729 9269 2 1 17
7189 9411 2 4 56
5755 11303 1 2 28
43 4589 2 17 179
5904 7333 1 20 201
4437 8139 1 2 32
3863 5244 2 1 20
3708 5345 1 4 12
10761 6220 1 12 63
11281 5701 1 14 96
1907 6640 1 20 287
8306 4906 1 7 82
10397 6088 1 17 71
9661 3399 1 15 108
9075 3809 1 16 235
751 8320 2 2 27
10176 10841 2 8 75
2854 6296 2 3 45
10763 10136 2 9 94
1213 3736 1 10 87
10535 6019 2 65 91
11276 9584 1 9 104
8214 373 1 5 73
9182 7952 2 7 104
2602 10241 2 34 156
4516 4122 1 20 89
4635 127 1 8 86
10714 2295 1 2 21
6999 9459 2 2 39
2320 6769 1 8 54
3877 9189 1 47 66
9303 7832 2 12 109
893 3458 2 69 96
56 393 1 12 169
4064 4457 1 15 203
10303 2717 2 7 55
9418 3098 1 20 286
10887 1418 2 2 25
1743 3145 1 3 39
1418 6999 2 1 8
6981 5578 1 28 146
7880 9101 1 11 82
5779 7387 1 10 151
6533 6080 1 31 181
8317 715 1 1 17
3585 5036 1 14 143
6024 6619 1 21 236
3596 5045 1 18 173
8127 8515 1 30 304
4705 4369 1 12 133
10750 2145 1 5 37
1282 3097 1 16 61
3924 9098 2 5 57
3816 5243 1 2 29
2685 2231 1 42 291
6958 1497 1 2 29
9082 3864 1 14 81
5467 7192 2 5 73
2240 6821 1 19 114
2145 10742 1 3 33
3650 4974 2 217 301
7276 1725 1 7 58
393 8117 1 6 90
10031 10356 2 1 16
6660 5982 1 5 67
6758 2297 1 34 194
8767 4225 1 14 145
4409 4710 2 6 79
1364 7095 2 5 70
10225 6832 1 2 27
2620 2300 2 5 71
8151 4534 1 5 71
1133 7862 1 65 90
5873 7247 1 20 236
7429 1579 2 5 24
4587 4012 1 11 57
1267 7201 1 11 90
11105 1822 1 17 81
271 4163 1 13 151
10104 6917 1 21 184
8582 8013 1 18 200
10360 10088 2 9 132
779 7751 1 2 31
2862 10040 1 4 25
6886 2016 1 14 169
9602 2936 2 24 142
1941 2740 1 5 74
10297 10533 2 1 13
752 4156 2 1 14
11155 1312 1 72 369
4809 142 2 7 58
601 8109 2 17 125
11252 1449 1 19 178
8611 61 1 20 284
846 7837 2 20 108
4920 4147 1 25 133
3120 1766 2 1 17
5373 7660 1 1 13
1632 10921 2 1 4
7931 959 1 10 107
8871 3699 1 1 15
5585 7375 2 21 176
6670 2324 1 14 86
4231 4458 2 11 80
769 4149 1 8 114
4221 273 1 9 107
9100 7502 1 12 109
1412 7392 1 11 163
6917 9998 1 1 1
8805 200 1 10 120
4298 4596 1 25 35
11276 5553 1 3 51
219 4916 1 7 110
255 4606 1 7 43
7365 5562 1 1 17
1497 7445 1 25 176
649 8083 1 12 47
5701 10871 1 3 21
8642 8125 1 15 96
3126 1782 1 21 153
8212 4920 1 9 70
2911 5751 1 6 77
6812 5970 1 26 280
5796 3093 1 5 52
5788 2952 1 5 40
6353 10596 2 1 22
3809 945 1 14 88
3219 5444 1 25 96
1140 3618 1 25 159
3429 1087 1 22 127
3539 1196 1 15 191
10747 2025 2 3 46
843 3667 1 19 206
3813 960 2 1 14
6662 6334 1 20 49
899 3861 1 1 13
3655 846 1 14 20
3089 5908 1 14 113
3546 1214 2 1 17
8845 3755 1 7 88
1005 3844 1 4 54
8831 3736 1 16 93
5364 3650 2 2 30
3864 907 2 4 61
3271 5468 1 2 27
3852 983 1 9 88
1914 2619 1 10 77
3518 1067 2 8 103
3487 1032 1 8 40
6887 1966 2 8 86
1219 3538 1 5 81
6630 10326 2 11 29
3145 5513 1 25 259
2224 10539 2 60 240
7501 5254 1 39 308
9409 3145 2 11 102
6649 2221 1 14 116
10666 9820 1 2 28
2745 1851 2 3 36
5254 7536 1 6 83
4221 4491 1 6 66
11178 5475 1 2 26
9574 3004 1 8 81
9263 7650 1 124 915
5009 3712 1 20 258
1966 10852 2 8 53
2036 10780 2 1 20
1331 11138 1 47 358
1517 7339 2 1 24
5935 2732 1 4 57
5045 3667 1 9 91
3742 828 1 13 125
4732 96 1 52 88
8750 198 1 95 344
4211 4516 1 7 97
9226 7725 1 16 120
4909 4069 1 14 147
8750 206 1 1 8
2439 10104 1 30 130
10565 6282 2 13 111
3458 5353 2 8 69
2971 5857 1 7 101
2527 6225 1 15 129
2582 10176 1 5 77
3302 5448 1 7 57
8448 4418 2 1 25
6223 10499 1 5 73
9852 2782 1 15 59
2748 5941 1 4 24
8131 755 1 41 571
4864 8098 1 10 133
10761 9856 1 33 235
6769 2036 1 4 61
4474 4322 1 14 126
1323 7429 2 12 110
390 4211 1 8 102
8886 3884 1 4 60
9024 3738 2 3 28
2980 9795 1 6 66
2892 9712 1 1 14
30 4860 1 5 40
7347 1294 1 16 68
6912 1939 2 1 10
4990 3817 1 80 222
3985 747 1 8 101
8772 113 1 26 267
2396 2224 2 17 158
9101 3535 1 26 36
1431 7261 1 23 33
1065 7637 1 5 77
3622 9193 1 31 387
10632 6073 1 43 323
6349 6441 1 10 142
2894 5841 2 3 38
6130 2720 1 1 15
10771 5935 1 4 62
508 4242 1 16 75
7880 4974 1 12 149
4249 4672 1 12 61
5715 7086 1 18 169
5779 3104 2 1 15
10055 2655 1 1 13
11288 1262 1 5 46
6703 2005 2 12 134
4150 4732 1 1 13
1837 6886 1 5 57
7228 5613 2 3 43
9589 7184 2 3 46
7477 9376 1 10 81
1059 7721 1 11 133
4731 8252 2 20 239
3193 5627 1 1 13
6325 10459 1 6 49
6575 6334 2 2 35
2225 10407 1 26 71
6640 6204 1 16 153
688 8078 1 48 295
5841 7063 2 6 61
1837 10811 1 3 25
10632 10061 2 5 79
5013 3813 2 10 123
1042 3618 1 9 95
7060 5796 1 10 102
5969 10805 1 2 17
3901 8832 1 5 35
6487 10308 1 10 138
755 8004 1 46 266
4369 322 1 3 12
3674 1005 2 4 39
3930 4916 1 1 14
11019 5747 2 22 109
3241 5583 1 2 23
10054 2604 1 10 120
6287 10497 2 7 64
2626 6153 1 1 14
10998 9647 2 24 186
4016 681 2 1 3
9736 2965 1 16 83
736 8049 1 9 103
10893 5873 1 22 229
4683 8249 2 7 98
1851 2841 2 1 21
2408 2260 1 78 118
4738 202 2 9 106
4594 2510 1 5 81
7430 1213 2 10 25
1140 7347 1 10 104
8223 2022 2 23 332
6937 769 1 18 217
7640 1429 1 22 311
8845 10882 1 1 23
5444 3416 1 1 21
8421 6560 1 10 151
560 2641 1 6 65
8204 2014 2 2 35
8083 9871 1 87 146
877 7060 1 2 29
1092 3212 1 47 484
10611 4713 1 12 164
7022 8854 2 8 73
7374 5358 2 16 185
10611 8590 1 8 108
6878 700 1 14 96
10603 8592 1 6 64
1166 11266 1 8 46
4990 10887 2 1 9
7341 1157 1 9 72
4606 6610 2 44 221
7339 5345 2 1 19
2324 4368 1 22 126
3618 9535 1 10 128
3241 9198 2 29 109
1059 3166 2 2 24
7347 9243 1 18 181
4694 2641 2 1 12
161 1981 1 9 127
1584 3658 1 8 100
1020 11134 1 13 193
6100 8141 1 3 21
6895 4909 1 1 17
4431 2397 2 44 62
10616 563 1 11 111
2837 4906 1 19 139
9075 3241 2 1 8
8981 7195 1 17 139
1028 7297 1 74 1030
9837 4020 1 14 125
3699 5769 1 29 328
6620 518 1 7 75
4331 2311 2 12 109
4838 6924 2 8 40
7952 1691 2 2 21
5236 7221 1 2 19
7849 5715 1 16 94
961 10981 2 1 9
10843 693 1 35 341
8320 10115 2 13 56
2841 4809 2 2 31
2683 551 1 14 109
7093 9016 2 9 68
1849 8076 2 1 15
10996 945 1 10 108
182 10054 1 8 116
10125 4273 2 2 27
7344 1232 1 24 181
1080 7247 2 7 65
8324 6552 1 16 153
3120 8991 1 1 6
7431 9249 2 6 92
5726 3708 1 30 273
7559 5461 2 2 26
7176 8945 1 7 100
3149 5281 2 4 25
4145 6063 1 15 208
3399 9205 1 12 170
282 6547 1 13 137
2911 5024 2 9 99
43 1907 1 8 64
2156 4217 1 24 223
6093 4131 1 2 17
3021 779 1 3 27
1274 7630 1 7 105
4953 10991 1 2 21
1782 3762 1 4 50
2005 3985 1 9 103
2529 322 1 12 113
8972 7002 1 7 85
9112 11248 1 6 42
2732 752 2 1 19
2876 645 1 2 24
3295 1018 2 15 44
8651 6888 1 3 19
8474 6451 1 10 112
1449 3446 1 26 224
9113 7375 1 53 297
6019 8255 1 11 142
811 7090 2 15 114
10479 8358 1 4 25
7392 9074 1 7 83
952 10965 1 14 186
4235 10225 1 12 76
1214 7325 2 1 20
8720 6751 1 30 146
1030 3332 2 17 145
8204 6024 1 31 259
8599 10744 1 8 53
9535 7581 1 16 69
1145 3196 1 1 9
1580 3816 1 3 54
10257 4196 1 10 151
11003 8854 2 22 74
6447 4605 1 17 147
2812 4683 2 10 134
10808 4775 2 1 8
3856 9560 1 6 68
10596 328 2 2 33
11262 1020 1 16 206
6451 442 1 25 114
3237 5330 1 11 107
10384 500 1 10 132
4471 10594 2 31 426
8076 6067 2 5 22
9206 3200 1 5 82
9772 3712 1 5 70
3931 2016 1 1 16
10775 8684 1 8 47
10656 4920 1 8 79
3385 9091 1 9 108
142 1892 2 13 144
7733 5461 1 7 62
9463 3484 1 15 219
9206 7300 2 1 7
2197 4331 1 7 49
7375 1117 1 2 20
7644 1323 2 21 292
1579 3863 2 2 24
699 6782 2 9 90
9122 7431 2 3 55
5467 3617 2 3 27
747 6703 2 20 45
4715 2876 1 1 10
8779 10656 1 24 178
9164 11266 1 2 31
4977 3121 1 24 155
7087 5042 1 5 82
255 2184 1 2 34
6074 4016 2 39 59
3207 5373 1 26 171
6021 4064 1 17 239
6655 4458 1 142 1079
10356 8558 1 13 191
10006 8049 1 7 82
200 10294 2 16 120
632 6547 1 6 85
4685 6447 1 19 131
10565 4917 1 9 136
3667 9320 1 16 124
5215 6994 1 18 144
8131 10191 1 16 203
1615 3479 1 19 193
724 10539 2 27 213
4679 10360 2 29 237
4316 6053 2 2 22
6441 4715 1 11 164
2481 4830 1 24 344
1157 3021 1 25 358
3299 5059 1 1 21
105 2198 1 15 162
229 10291 1 2 36
9220 7095 2 7 83
4940 3182 2 2 19
8283 6045 1 10 142
2379 8584 1 30 163
1020 2933 2 15 162
4418 10017 1 3 46
9109 10882 1 3 53
5198 2920 2 24 141
3658 5467 2 17 236
11314 5172 1 9 115
7790 5460 2 5 48
6039 4249 1 4 62
2845 500 1 21 173
9329 7793 2 4 58
206 10342 1 17 167
10315 4150 1 2 25
5723 3416 1 4 48
10040 4369 1 2 14
9239 10996 1 6 58
438 2858 2 12 115
10212 4123 1 12 164
8516 2877 1 11 79
9049 3332 1 14 66
3755 1278 1 106 724
7735 1738 1 2 28
4573 6912 1 15 67
6782 259 2 8 89
11318 5065 1 5 82
2986 9067 1 66 92
2920 9182 1 25 176
438 6943 1 31 113
1939 4223 2 7 61
1767 3540 2 9 57
803 3273 2 5 72
10407 554 1 5 80
2782 8520 1 20 254
11186 828 1 12 137
4377 9987 2 7 101
1456 7964 2 2 20
10351 627 1 4 33
6204 4020 1 15 162
6921 8477 2 2 30
5013 3198 2 9 87
10259 4136 1 26 138
9920 4409 1 40 57
4877 6632 1 11 112
6547 546 1 12 142
649 6433 2 13 158
710 10542 1 5 49
4883 6625 1 3 36
6926 420 2 14 198
9647 7514 2 170 236
546 2450 1 5 33
11082 1145 1 1 10
3247 811 2 14 39
9263 11036 1 26 303
5448 3810 2 16 99
4318 1848 1 9 133
3581 9589 2 14 110
8695 2590 2 10 87
699 6476 1 57 135
3280 4953 1 9 95
9275 10916 2 1 11
3557 9565 1 6 69
21 10206 2 1 15
1254 2993 1 10 33
5857 7571 2 2 16
9224 2890 1 9 133
5926 4318 1 12 102
5020 11288 1 19 107
10394 4844 2 4 61
2915 5373 1 1 14
1766 3494 1 9 115
6353 8035 1 3 54
4453 2749 2 14 71
4685 6605 1 6 45
1431 7804 2 7 105
8151 6222 1 1 5
3806 1294 1 40 197
2025 8320 1 14 200
11121 8978 1 9 124
5075 11147 2 16 157
3308 8864 2 2 32
3494 1790 1 1 8
8663 6655 1 6 72
1412 7787 1 15 118
8594 6618 1 17 112
4163 6244 2 1 8
10786 273 1 8 115
6407 95 1 10 113
10293 8127 2 6 62
8813 6509 1 1 17
6441 8744 1 13 146
8477 10635 1 1 8
2920 9220 2 8 120
8444 2798 1 3 39
10356 4878 2 5 26
5004 7350 1 3 49
9712 7585 1 5 29
2314 3952 2 5 62
2781 8404 1 15 136
7007 9303 1 21 82
8117 6346 1 6 90
2022 4174 2 2 33
2000 4277 1 16 225
7460 4992 1 14 150
3762 1406 1 81 157
1418 3729 1 3 29
8378 6924 2 5 22
4624 6711 1 47 163
5228 11062 2 15 123
9626 3589 2 97 599
2720 384 1 12 117
8893 7375 2 6 88
2620 4669 1 3 42
11311 4992 1 5 61
9269 6999 2 3 37
8918 3290 2 27 87
1000 7228 1 4 45
10860 5419 1 6 48
641 6599 1 3 33
8532 6758 1 9 88
6714 495 2 3 18
8532 6751 1 12 169
8393 10775 1 27 38
2408 8757 1 13 193
518 2602 1 47 212
7382 699 1 27 379
10991 8485 2 9 98
220 5615 1 46 593
9549 4162 1 7 104
4441 2907 1 3 50
8776 11314 1 38 180
2580 980 1 4 66
6125 3611 1 4 50
6021 7596 1 7 102
8386 2971 1 11 165
11248 8750 1 29 101
1642 4286 1 7 102
8502 3089 1 22 204
8972 2532 1 2 40
6610 937 2 15 105
5769 8321 1 6 57
7658 1996 1 23 248
4217 5711 1 40 164
3198 563 2 8 80
1842 7490 1 17 146
8434 10957 2 4 32
3861 2297 1 8 79
5807 4306 2 12 116
1892 3497 1 8 108
2575 1005 1 6 91
10384 8865 1 35 237
3577 1996 1 2 40
7682 6147 1 44 500
2816 1213 1 54 200
10820 9264 2 11 157
7585 9918 1 2 36
9846 3462 1 12 126
9275 10841 1 9 89
7660 6062 1 18 160
2604 1051 2 20 155
2991 8393 1 2 35
5546 181 1 2 21
4963 10397 1 14 153
271 7007 2 23 85
3089 404 1 10 147
2103 3674 1 4 37
6777 1119 1 4 35
3810 2234 2 2 35
7090 8506 1 17 68
4249 5782 2 7 92
10017 7733 1 2 40
7007 8338 2 13 188
9480 147 1 6 60
8355 6987 1 6 87
9339 8056 1 12 93
5059 2529 1 4 38
3451 1842 1 3 36
2575 959 2 4 44
2993 8354 1 47 185
4920 11262 1 6 78
1453 4163 1 27 332
8942 6643 1 2 16
10308 7880 1 33 209
9950 3633 1 3 50
11138 8663 1 1 18
4018 9370 1 4 19
8978 10590 1 1 18
161 5620 2 20 194
8013 9387 1 18 36
4700 3237 1 22 155
10627 9153 1 19 95
8317 1589 1 3 30
2890 4501 1 6 74
11160 4783 1 24 89
3598 6156 1 30 414
9091 6821 1 6 95
3730 6199 1 5 74
7477 4845 1 12 80
2837 1140 1 8 109
1877 7585 2 13 148
203 1429 2 4 43
1196 10747 2 1 13
8720 11289 2 3 40
10883 8387 2 9 65
9203 10820 2 2 16
7332 4711 1 63 430
5953 7610 2 5 80
7124 466 1 9 138
6482 4994 1 16 59
7796 2156 2 1 11
8945 10594 1 12 147
2857 9226 1 38 358
8279 5698 1 7 53
7350 4925 1 3 33
248 1394 1 118 163
5019 6476 1 22 97
10942 4453 1 10 105
1262 4035 2 2 24
4734 3329 2 16 152
4883 7283 2 6 57
9370 8177 1 1 18
7726 9900 1 32 121
7787 10241 1 2 33
4648 2993 1 4 31
6433 5058 1 11 115
6225 3852 1 23 162
4589 2933 2 12 149
4877 7273 1 31 180
10820 5245 1 24 281
8782 7273 1 6 68
1544 4319 2 7 65
10811 5236 1 3 36
8695 7460 1 2 33
366 7201 1 10 142
7195 8421 2 2 20
8434 7203 2 10 40
8517 7017 1 20 140
2365 933 1 7 35
7429 8642 2 8 115
10786 5215 1 7 94
10632 5358 1 6 89
5460 147 2 1 13
10497 4941 1 4 60
6891 5243 1 19 135
4964 10479 1 9 109
8767 7300 1 28 39
10548 5004 1 5 73
4672 2998 1 52 275
8461 6981 2 1 20
8115 9551 2 6 61
7251 8747 1 3 38
6582 8846 2 10 57
8684 7453 2 1 13
8517 2911 1 6 92
6951 9161 1 16 89
9243 10611 1 8 115
10183 3870 2 10 123
8933 6660 1 5 79
554 3282 1 7 85
9086 2756 2 3 46
8278 5903 1 14 95
839 10571 2 10 69
5941 3576 1 3 38
6245 3901 2 12 78
6153 3487 1 1 20
7192 4481 1 4 66
9029 10432 1 10 115
4569 7002 1 4 55
5953 3585 1 20 155
4484 7195 2 7 28
3746 10344 1 5 39
10714 9264 2 3 23
3618 6045 1 6 93
10499 8840 1 16 105
7041 4672 1 4 35
6129 7588 2 10 81
3806 6240 1 12 87
6086 3429 1 10 97
3861 6290 1 14 119
3458 6047 1 4 65
366 3121 1 7 100
388 2947 2 12 156
6287 3877 1 13 99
8506 2889 1 6 93
6916 1092 1 45 340
8978 10351 1 8 120
2952 390 1 9 89
3497 6161 1 4 46
3815 6223 1 6 66
5949 3589 2 30 170
3067 271 2 11 85
8884 10593 1 15 158
5972 3546 2 1 19
10497 8853 2 27 138
501 2971 1 37 215
3044 8358 2 62 129
9287 10694 1 4 48
7501 6100 1 63 339
6413 3746 1 10 127
3738 6307 2 16 227
9239 6812 1 8 90
7095 8386 2 1 13
9342 8205 1 3 26
1312 8252 2 3 36
7945 6204 1 29 182
5552 3983 1 117 162
7518 6129 1 21 188
9446 3983 1 17 159
7242 4915 2 8 47
4306 1612 1 9 41
3484 6080 2 19 99
4565 7033 1 33 255
10001 3437 1 4 32
10978 4498 1 1 11
3404 8610 2 11 154
8139 1344 1 6 46
8981 6560 1 30 160
8474 10937 1 4 37
6474 9049 1 6 94
4775 7392 1 31 63
8102 9451 1 26 278
2316 7790 1 42 261
2641 1196 1 39 142
7598 6067 2 2 39
2450 8945 1 17 98
8109 9480 1 3 44
7485 6158 1 3 36
2850 5198 2 2 24
1738 8278 1 19 131
4528 7086 2 24 131
8448 7093 1 7 76
7387 592 1 7 83
11036 327 1 21 178
3738 2260 2 28 358
7832 2233 1 27 321
10937 442 1 19 141
1156 10694 2 1 4
8657 7374 2 34 128
563 11311 2 11 145
10593 787 1 2 14
127 1668 2 11 136
3097 728 1 16 136
1449 4339 1 19 108
945 2822 1 4 30
4172 5914 1 29 207
1389 4305 1 5 42
3674 5949 1 95 686
7392 8516 1 6 78
8515 11267 1 7 100
6640 5390 1 32 119
8477 3302 2 23 108
2685 5009 1 37 266
10088 7485 1 4 42
7309 4519 1 17 128
6332 3581 1 13 181
9574 2 1 4 58
6605 9248 1 9 105
7033 4758 1 30 66
4589 11262 2 26 199
2720 8933 1 9 113
8013 9574 1 12 172
2482 5334 1 15 124
10943 4750 1 19 164
2639 4990 2 7 31
678 3070 1 6 93
2182 3497 1 70 238
2781 5111 1 10 146
5371 10493 1 23 101
5079 10771 1 5 60
4516 7281 1 6 72
4534 7276 2 2 23
8393 3271 1 14 197
4994 6819 1 11 76
6809 862 2 26 38
5011 2734 1 4 55
7365 419 1 3 23
7288 8441 1 1 12
2717 862 1 9 73
7670 10212 2 5 53
2740 8876 1 1 15
259 3204 1 69 148
6578 9269 2 19 192
3329 519 2 1 15
10118 7588 1 13 95
7430 4564 1 19 137
8792 10998 1 16 151
1067 6569 2 10 148
883 10635 1 2 30
9303 6628 1 8 106
7735 10240 1 57 206
755 11036 1 6 81
9642 54 2 5 61
4992 6810 1 4 61
7221 8390 1 56 342
10533 1151 1 8 118
4717 10963 1 59 83
9024 6878 1 32 339
2064 3832 1 4 65
7745 10250 1 24 129
1030 10416 2 10 54
2473 9085 2 1 11
5782 43 2 4 55
4750 10893 1 6 54
2876 5075 1 24 210
3166 8448 1 10 116
4721 7033 1 32 132
56 5741 2 10 147
9 9661 2 8 11
9203 6673 1 5 63
1092 2405 1 48 444
6599 1254 1 1 17
4108 1767 2 4 59
2211 7726 1 20 170
1503 4311 2 6 72
10590 9205 1 10 84
6334 3633 2 2 39
10860 8696 1 6 46
4012 5693 1 7 90
327 11155 1 47 423
2014 3844 2 4 29
8945 2865 1 1 10
9193 2340 2 24 129
10972 4679 1 5 36
2752 4940 1 14 157
5358 2391 1 9 71
11303 4501 1 16 111
4820 2911 2 59 83
4974 2798 2 23 170
4306 1267 1 9 129
5011 2837 1 9 106
2824 5021 1 3 48
1671 4147 1 9 102
1782 3984 1 11 126
1612 4129 1 4 45
4020 1822 1 37 334
8205 1628 1 12 52
3973 1725 2 1 18
4992 2790 1 8 76
4941 2781 1 13 139
4136 1615 1 52 114
2756 4964 2 9 127
3820 5926 1 2 28
3299 4437 1 64 175
11266 303 1 17 141
6093 7796 2 1 25
883 6921 2 3 17
4303 1282 2 3 43
2000 7783 1 13 177
1523 4277 1 4 68
5036 2870 1 26 173
8776 10957 2 13 175
322 3303 1 1 14
4172 1628 1 33 241
304 11225 1 16 106
7501 10257 2 10 18
8948 10650 2 12 138
7832 6167 1 19 185
10656 5069 1 2 37
4064 9613 2 1 16
2123 7640 2 9 97
8283 9535 2 6 96
693 10875 1 20 160
7095 4734 2 32 152
9248 2339 2 2 35
719 10860 2 1 15
10957 724 2 1 23
2145 3637 2 14 161
1067 6578 2 17 165
7032 8700 2 34 283
4729 3035 1 8 73
564 10996 1 13 98
8157 5701 1 2 28
11153 397 1 3 30
5583 8299 1 72 851
3894 9852 1 5 8
7674 2197 1 3 35
6832 8981 1 17 186
6451 1212 2 2 23
10145 7630 2 11 112
4368 5460 1 17 147
442 7306 1 1 22
4498 7341 1 43 317
8485 3207 1 1 18
5949 7931 1 40 471
8832 10811 1 1 14
9733 105 1 7 63
7306 8517 1 1 14
4377 9329 1 65 96
3204 420 1 76 140
2381 5390 1 3 42
7503 2316 1 81 113
8004 9772 1 3 40
8004 9767 2 20 133
10519 1087 1 3 49
3832 9868 1 50 70
9600 200 2 9 94
632 7101 1 3 21
9189 10497 1 18 109
3598 10161 1 16 42
198 9607 2 2 9
3708 6121 2 1 15
7502 2301 1 5 80
7306 4573 1 10 151
7964 5972 2 1 15
1713 4002 2 77 212
2297 7525 1 6 34
5798 4035 1 6 39
7630 2185 1 12 113
10694 5074 2 2 20
3145 519 1 16 137
8205 3098 1 44 241
9141 10150 1 5 43
419 5562 1 19 27
7945 10809 1 14 180
10118 1042 1 6 77
6047 893 2 15 70
9552 508 1 15 185
3098 203 1 10 56
495 1503 2 2 15
252 3303 1 3 54
6364 1213 1 10 105
1429 404 1 16 112
4297 3299 1 5 43
4573 5552 1 22 208
693 1743 1 7 77
1589 8611 1 32 311
937 1966 1 67 274
931 9942 1 11 73
4994 9900 1 16 142
907 6104 1 18 82
9569 4731 1 11 142
10841 3877 1 7 61
937 6073 2 5 72
10474 3589 1 7 53
7075 8109 1 7 73
5904 4864 1 3 54
5505 8423 2 10 141
592 5779 1 22 159
6618 7642 1 35 185
4172 3098 1 4 54
2397 7501 1 11 151
3730 6823 2 1 15
9763 4904 2 18 137
2493 3585 1 15 215
4225 11113 1 5 65
3633 6662 2 10 15
6331 5330 1 20 122
6981 8108 2 2 33
4012 6987 1 15 177
10150 9067 1 10 135
3745 10603 1 17 183
2896 96 1 10 144
5914 8744 1 8 111
3900 10761 1 15 128
4387 7384 1 17 154
3815 2845 1 12 164
2907 8102 1 20 172
10771 3884 2 5 17
8626 1657 2 3 43
4316 3344 1 8 36
4437 1344 1 6 39
10183 9112 1 2 33
2035 8941 1 8 121
10297 1151 1 5 75
9153 6195 1 14 96
6296 9082 1 19 124
7505 2458 2 2 22
2260 1219 2 15 161
1375 282 2 7 92
5583 4624 1 8 111
554 1612 1 24 149
9205 2320 1 15 85
4773 1548 1 2 26
5074 10046 2 3 16
4721 9626 1 16 22
3800 2862 2 23 142
6058 980 1 10 115
6053 983 2 9 76
7800 10678 2 5 49
6810 7773 1 6 50
10191 5193 1 5 69
3449 6533 2 4 51
7751 10712 1 9 48
3464 2419 1 8 83
6062 1002 1 6 24
5578 8536 1 12 84
5090 2035 2 2 4
8078 7032 1 4 34
960 6086 1 31 106
7018 8102 1 6 62
2143 9109 1 67 113
9477 4458 1 24 341
6994 8168 1 11 109
1913 965 1 11 100
7485 6585 1 18 229
9555 4809 1 5 42
2986 219 2 1 13
10344 1121 1 3 42
5215 10240 2 11 15
5405 10183 2 17 101
1269 8470 1 13 113
1087 6390 1 12 173
5345 10125 2 1 21
7101 8032 1 17 180
22 10978 1 10 47
11037 3962 1 34 73
5446 8461 2 8 89
1196 2156 1 9 56
4498 5598 1 1 9
7969 10714 2 136 189
877 10055 1 4 42
8105 3107 1 8 109
9680 551 1 4 52
3576 2405 1 27 339
5448 8474 1 4 48
4286 3383 2 19 27
6297 5405 2 1 7
7796 10747 2 39 58
7849 2825 2 12 167
519 5513 1 13 173
4587 9339 1 5 55
466 5525 1 6 77
11053 4014 1 11 114
4830 9615 1 20 198
3931 11019 2 3 35
5908 8655 1 52 239
8772 1642 1 15 164
5823 8582 2 10 127
10115 1133 1 14 125
700 5678 1 157 219
9763 8676 1 8 81
5188 6349 1 7 98
9647 8792 2 33 159
4878 9664 2 12 96
10635 3810 1 16 127
6849 7783 1 21 216
6382 5280 1 8 58
6086 4964 1 25 180
8805 9600 2 3 35
5782 8747 1 16 101
10225 5254 1 7 84
4474 9551 1 15 176
8918 6086 1 6 69
7581 10494 1 11 94
1128 10272 1 6 69
4484 9456 1 27 233
3973 11082 1 9 97
4844 9642 2 30 158
1413 8390 1 97 720
3538 6532 1 40 96
1119 6331 1 11 120
4303 11178 1 1 12
1657 4860 2 11 154
1767 4683 1 16 174
2756 3767 1 12 73
9607 769 1 49 299
5726 681 2 1 14
9942 5005 1 23 171
4131 2948 1 6 42
2419 7661 1 2 30
6812 3809 1 15 168
11027 86 2 37 161
955 9856 2 3 36
4116 10888 1 27 196
4418 3166 1 19 99
4286 3308 1 257 358
5874 4729 1 35 218
678 5765 1 52 243
8236 10883 2 5 81
4156 6980 2 2 11
9649 687 1 2 32
1713 8657 2 1 15
6809 3816 1 14 196
8321 7341 2 18 52
6550 3557 1 14 160
10259 9153 1 8 114
11252 8278 1 13 145
6433 3658 2 26 117
5796 388 2 2 31
6166 1254 1 1 11
7725 6916 1 8 97
3809 2482 1 1 17
3174 22 1 4 38
3863 10539 2 22 262
5227 1877 2 2 28
10921 8283 1 10 149
1232 2064 1 10 134
862 2138 2 5 33
2975 4254 1 5 33
5446 8584 2 5 61
6222 789 1 1 18
730 1517 2 2 11
4069 11281 1 4 36
9684 4587 1 11 153
7357 4108 2 46 233
10050 1212 1 28 274
11289 235 1 22 91
3145 3962 2 13 190
8105 7332 1 39 314
11281 8157 1 2 26
5970 9075 2 11 112
6878 3538 1 20 155
1610 4528 2 16 142
3441 2626 1 11 69
6655 3901 1 2 28
4174 7029 2 2 26
4581 1786 2 5 32
4447 1626 1 36 132
9438 4864 1 9 77
7783 6552 1 23 147
5358 10061 2 3 49
10775 7745 1 5 53
3035 4377 1 124 320
4303 3097 2 1 14
11180 30 1 3 36
8125 11160 1 11 130
4149 11248 1 4 55
6777 7513 1 41 124
6240 877 1 17 170
4004 11105 1 9 130
2025 1133 1 22 202
5368 10025 1 25 212
3585 2870 1 10 145
4734 1364 2 11 129
4069 7400 1 3 49
6121 5345 2 1 16
5235 9837 1 9 112
7341 8236 2 17 153
5004 6223 1 19 169
442 1766 1 29 279
6167 5320 1 27 219
10384 3745 1 1 22
5623 8756 1 10 63
1375 546 1 13 127
6143 5371 1 3 11
8154 3399 2 11 139
1892 9086 2 19 26
2947 8283 2 11 78
6782 3441 1 1 16
3617 10763 2 3 44
6417 5074 2 23 275
56 7295 2 18 197
11205 2 1 9 82
4136 7382 1 2 31
3814 10565 1 1 11
56 7283 2 16 222
11272 4112 2 7 28
6888 3598 1 2 18
4830 5627 1 67 626
11262 8212 2 7 108
7892 2360 1 34 182
9600 4596 2 71 120
10780 7536 2 2 14
4122 7281 1 12 106
1128 10054 1 26 173
5373 1872 1 9 115
8864 6353 2 35 188
921 10107 1 44 93
7564 6912 2 5 63
4222 3070 1 9 47
3800 2360 2 92 129
4103 3182 1 19 143
8696 9527 2 3 28
8255 3254 1 16 182
9355 715 1 9 55
9821 1145 1 2 16
7736 6790 1 87 792
9626 4648 1 51 300
6673 3745 1 1 21
327 9767 1 13 142
8049 3290 1 8 48
7880 6487 2 12 175
8168 3149 2 6 53
10342 5021 1 56 176
6104 9082 2 4 62
5371 5949 2 150 1080
2752 3449 1 19 196
5693 8470 1 11 68
5228 9950 1 23 256
4565 5723 1 2 26
4458 9702 1 47 465
1406 8626 1 7 93
846 10340 1 4 42
1255 9871 1 29 189
1002 2143 1 15 160
8884 6417 2 3 12
8324 9733 1 9 43
5525 736 1 3 42
1128 2003 1 11 22
10320 810 2 2 23
8831 6364 1 5 75
5585 8678 1 6 63
2877 3464 1 4 45
86 11231 1 6 55
885 6353 1 2 29
7090 4249 2 1 13
4360 10860 1 7 39
4758 1409 1 7 103
9182 1991 1 14 78
4679 5610 1 3 36
4002 7339 2 30 151
11231 8078 1 8 110
8609 9549 1 86 120
10119 9008 1 29 238
3894 6441 1 23 227
2929 4354 2 49 147
9584 4669 1 37 272
1548 4647 1 2 33
10519 3762 1 14 124
9455 632 1 14 108
8401 5819 1 13 178
787 6417 2 12 154
7804 6649 2 55 77
8378 5857 2 15 216
6129 1042 1 31 110
1080 9987 1 11 166
21 3383 1 6 74
5729 8515 1 11 94
9264 9860 2 4 40
9760 304 1 1 15
4150 2580 1 19 131
7525 10891 1 10 62
3451 7018 1 3 38
10335 8813 1 17 129
1419 5079 1 2 38
4721 10107 1 27 147
789 5430 1 4 53
4018 6550 1 7 43
4045 2481 1 31 285
10115 560 1 10 96
4234 6758 2 3 35
2396 56 1 8 117
724 10306 2 4 30
6575 4018 1 5 55
3557 7087 1 3 22
9837 4474 1 10 143
10742 4316 1 3 43
3810 3287 1 2 19
7490 2907 1 16 183
384 6088 1 10 148
1413 933 1 29 295
11289 7969 2 8 66
9731 9226 1 75 899
4147 6640 1 101 140
7572 7075 1 136 198
4691 10112 2 1 16
4977 1267 1 18 139
181 6578 1 11 97
579 6194 1 2 37
5050 9478 1 12 173
3540 11037 1 29 177
402 2000 1 2 21
10326 743 1 4 46
7431 3900 1 32 196
9418 5000 1 11 104
1440 8948 2 20 28
9411 5019 2 6 57
5598 9049 1 6 24
730 2327 1 21 235
2295 8720 1 204 284
1615 1020 2 42 197
2064 4605 1 13 122
8390 9814 1 135 999
2014 386 1 4 27
9008 1394 2 4 31
1219 5807 2 10 100
9942 4635 1 1 13
4691 10142 2 2 23
4235 2732 2 3 26
10340 699 1 18 148
6349 4915 1 12 179
9860 4521 1 4 59
10010 393 2 12 64
10335 693 1 15 53
3004 7525 1 31 223
3870 3308 2 11 118
3658 7288 2 5 82
3295 7932 1 48 503
1529 8972 1 4 42
3247 7759 1 12 179
4105 6670 1 7 103
4145 6620 1 20 94
11113 3736 1 6 21
9101 1671 1 28 176
9098 1672 2 10 83
9370 5042 2 22 206
965 1394 1 43 184
7661 3107 1 1 15
7203 7644 2 10 31
10590 8154 1 23 130
6619 8204 2 7 61
7610 10871 2 3 38
10057 4581 2 1 3
5244 1579 2 2 24
681 2327 2 4 35
10942 7540 1 17 44
4087 10535 1 18 105
7503 10963 2 7 59
9320 5045 1 15 88
9205 5903 1 12 112
1018 1672 1 7 76
9320 885 1 2 32
161 6673 1 4 47
6547 8032 1 14 127
5678 5280 1 23 115
1628 9085 1 3 21
10119 606 1 9 136
2965 3462 1 16 89
4700 2225 1 14 123
4150 2450 2 1 10
10112 4838 2 11 16
6240 8757 1 8 111
7518 11003 2 19 132
8056 2529 1 18 255
3844 11151 1 13 114
7733 10951 1 2 22
3864 3219 1 9 136
3699 7375 1 7 69
6282 4917 2 8 60
1087 1782 1 11 123
10104 678 1 1 4
3429 3044 1 6 82
2240 4723 1 11 93
6532 4129 1 8 103
2619 4298 1 6 61
61 2527 1 1 8
3817 11124 1 9 102
1822 5281 1 6 92
2066 370 1 4 50
688 10087 2 4 61
7787 7392 1 3 45
10351 8154 2 1 14
9855 4594 2 5 32
905 9329 2 17 86
5009 9515 1 14 133
1151 9555 1 4 5
10046 4518 2 1 12
7017 7674 1 21 29
8991 9362 2 15 142
7192 3510 2 20 129
8232 2473 1 16 23
6414 8677 1 14 72
1418 4990 1 4 33
8228 2473 2 22 229
1117 1775 1 19 163
3254 7931 1 12 70
6026 463 2 5 39
5334 9615 1 1 7
959 9420 2 5 73
8720 6228 2 51 206
9387 982 1 6 72
8792 6283 2 1 22
9409 9029 1 2 29
6560 219 1 30 423
4713 6331 1 9 102
1884 4547 2 1 18
2000 8324 1 22 175
6325 4705 1 1 15
8421 6147 2 1 18
4949 9478 1 38 177
3729 3404 1 12 178
6474 8236 2 87 120
2339 198 2 2 24
6039 8506 1 2 31
181 10452 2 1 21
4222 6917 1 140 195
4305 10666 1 18 162
4254 2749 1 4 67
4717 2316 1 5 71
3813 11186 1 10 49
7773 11311 1 10 62
9456 8886 1 5 43
3931 2553 1 2 41
743 6191 1 7 87
743 6195 1 29 164
961 1262 1 7 72
5281 1738 1 8 79
6569 181 2 2 23
10596 8035 1 4 62
6290 4845 1 8 112
3952 6637 2 18 185
518 5953 1 11 164
7640 10965 2 4 41
10744 4286 1 63 108
6924 4174 2 33 142
404 6026 2 226 314
952 5475 1 15 217
4242 6859 1 5 69
10957 7644 2 3 22
6821 4301 1 13 102
2745 255 1 8 46
2740 252 1 142 249
6823 4303 2 7 72
10875 7726 1 8 115
6711 4387 1 5 82
10494 4019 2 6 76
4277 6849 1 15 135
10315 4732 1 1 17
6452 4145 1 11 156
2 2590 1 4 59
6493 4109 1 2 22
4002 6618 1 5 68
6476 4136 1 26 278
4129 6482 1 6 40
3999 6619 2 1 12
6699 4418 1 17 150
3589 2975 1 17 204
6045 388 1 6 72
6679 3934 1 3 29
4331 6794 1 7 56
3984 6625 1 7 99
3983 6628 1 13 111
8610 10308 1 19 165
11267 7670 1 57 332
3601 11272 1 11 145
9868 592 1 5 73
9730 8978 1 2 22
7029 7800 2 6 29
2722 105 1 15 160
5244 1323 2 12 65
2734 8127 1 24 156
6121 730 2 1 12
4123 2837 1 6 53
182 10786 1 19 109
10320 508 1 7 57
4301 2493 1 5 78
2005 8781 2 4 58
1389 9220 1 31 337
1364 9182 2 11 115
2865 4150 1 60 101
5766 885 1 1 6
7453 7745 2 1 21
6204 4474 1 10 116
4917 10001 1 12 91
5698 8831 1 6 79
11259 3539 1 9 117
2397 4196 2 1 19
1421 9248 2 2 37
8781 2064 2 2 22
9480 9224 1 11 120
1570 4949 1 22 162
2865 229 1 30 175
9085 9342 1 12 92
7731 11314 1 181 251
3107 3924 1 15 99
1378 5235 1 116 161
10061 4883 2 4 30
6895 8157 1 33 197
4878 6058 1 18 194
1872 4790 1 9 122
8594 9894 1 9 130
3462 7332 1 13 134
8249 2812 1 39 241
8592 1913 1 18 103
2234 4653 1 3 42
373 10134 1 32 301
9049 1729 1 3 16
1517 5345 2 2 24
9269 1418 2 7 39
8470 2290 1 2 39
1519 9260 2 1 11
1548 857 1 1 21
8377 10183 1 21 103
10184 8377 1 5 77
7572 11103 1 4 61
4457 6297 1 2 22
8984 1805 1 5 48
9029 1743 1 13 108
6063 8782 1 12 160
1790 8991 2 15 119
6765 4014 2 7 61
10887 3729 2 4 52
4547 10321 1 13 179
6413 4569 1 5 36
9551 1156 1 1 5
4596 10294 1 27 93
3984 10632 1 11 92
7425 3577 1 3 19
2311 4572 2 15 28
8655 5972 1 22 226
7660 11318 1 43 129
4729 1914 2 6 76
8536 6332 1 1 7
6195 8448 1 11 114
10142 8378 2 4 60
5553 1018 1 10 106
9738 8884 2 2 14
303 2233 1 4 41
1121 1529 1 1 11
3097 3730 1 10 67
1626 965 1 3 13
390 6194 1 1 13
121 6921 2 4 58
9198 5636 2 13 136
9016 1615 2 13 147
6628 4223 1 14 125
810 1737 1 1 14
980 9664 1 14 157
3290 3429 1 10 137
8448 10326 1 18 254
7650 11155 1 2 38
1981 564 1 8 57
9008 1626 1 14 160
8893 1775 1 21 138
4904 9918 2 17 134
10714 235 1 31 245
4519 10335 1 5 41
1570 5050 1 21 153
328 10320 2 3 32
6502 4318 1 8 88
2790 8013 1 12 115
10115 404 2 1 10
4501 6414 1 9 135
1025 1453 1 25 247
2003 4773 1 5 72
10416 4387 2 4 63
9856 688 2 5 74
9829 710 1 10 89
7297 7736 1 44 466
4369 6574 1 24 100
10107 4565 1 1 18
9730 787 2 11 158
2748 8056 1 3 46
9260 9342 2 14 80
10142 501 2 1 10
11147 7622 1 12 171
11037 3661 2 9 103
8876 9684 1 11 79
4123 2734 1 9 110
10306 8434 2 5 70
404 2123 1 53 325
8252 2685 1 28 376
4731 9942 1 16 86
8756 5926 1 14 184
8399 2324 1 5 71
5807 4977 1 29 119
645 6133 1 25 269
4534 2257 1 7 67
4606 2184 1 3 45
10805 3934 1 1 16
96 2779 1 7 108
9680 839 2 8 39
5615 1028 1 40 329
9900 700 1 22 186
1028 5620 1 31 444
4306 10407 2 17 170
6279 436 1 7 59
2889 7945 1 8 123
7658 7333 1 4 42
4783 1991 1 8 104
4464 2314 1 20 165
9387 1155 1 23 95
2025 4694 2 6 92
4864 1848 2 9 28
1877 4904 1 7 79
2231 4484 2 2 18
2211 4519 1 2 23
5069 1671 2 2 36
700 6002 1 10 86
5430 1232 1 10 63
8747 1907 1 3 35
7571 3329 2 50 70
9626 921 2 9 120
7503 7453 1 7 89
1166 5493 2 16 22
10459 4319 1 3 29
10006 8626 2 12 130
3884 6979 1 6 63
1025 9529 2 21 56
2123 463 1 6 48
1119 9438 1 8 102
7222 7731 1 5 74
4537 10206 1 47 257
8714 1929 2 2 24
1255 9342 2 6 34
8358 6390 1 11 108
4087 6790 1 31 278
9024 5678 1 8 121
