2087 3194 54000 1 3
48.8559 2.35509
48.8951 2.36354
48.8799 2.3722
48.8693 2.35557
48.8762 2.35887
48.867 2.35294
48.8784 2.37009
48.8604 2.35486
48.8627 2.34958
48.8958 2.37943
48.855 2.37785
48.8845 2.36895
48.8648 2.38505
48.8813 2.36474
48.8809 2.38918
48.8887 2.39605
48.8719 2.38074
48.858 2.38149
48.8595 2.35408
48.8691 2.39142
48.8727 2.36345
48.8858 2.37097
48.8707 2.37817
48.8652 2.37527
48.8587 2.34833
48.861 2.35137
48.859 2.35159
48.8625 2.36333
48.8572 2.36176
48.8876 2.38031
48.8676 2.38529
48.8613 2.35612
48.865 2.37105
48.8637 2.36637
48.8756 2.38186
48.8696 2.37998
48.8831 2.37145
48.8996 2.39223
48.8763 2.37965
48.8535 2.35112
48.8554 2.34597
48.8712 2.38311
48.8964 2.3841
48.875 2.3575
48.8801 2.39835
48.8538 2.3633
48.8669 2.37453
48.896 2.37916
48.8656 2.38418
48.8722 2.37153
48.8631 2.36673
48.8592 2.34975
48.8608 2.37541
48.8586 2.36801
48.8764 2.3931
48.8622 2.38006
48.8727 2.39926
48.8603 2.36456
48.8653 2.36541
48.8565 2.34949
48.856 2.35329
48.8898 2.38007
48.8845 2.37694
48.8625 2.3504
48.8931 2.36342
48.8493 2.3708
48.8795 2.3858
48.8671 2.35775
48.894 2.38366
48.8828 2.38937
48.8812 2.39369
48.8849 2.36742
48.8719 2.37696
48.8619 2.37959
48.8809 2.40407
48.8691 2.37306
48.8548 2.3624
48.8714 2.37508
48.8543 2.35004
48.8639 2.37551
48.8649 2.37483
48.879 2.3783
48.8743 2.37453
48.8665 2.35113
48.883 2.36164
48.8557 2.36021
48.8574 2.37969
48.8591 2.37947
48.8728 2.39706
48.8775 2.3938
48.8639 2.3811
48.8959 2.38351
48.8768 2.39981
48.8605 2.36172
48.8796 2.35653
48.8689 2.35218
48.8739 2.35926
48.8648 2.35332
48.8726 2.35766
48.8535 2.36652
48.8754 2.36755
48.8955 2.36506
48.8765 2.35589
48.8855 2.39547
48.9004 2.37028
48.8835 2.37694
48.8943 2.3817
48.8848 2.35933
48.8894 2.37905
48.865 2.36804
48.8847 2.37965
48.8747 2.38111
48.8705 2.38939
48.8581 2.38202
48.8779 2.39651
48.8858 2.38777
48.8778 2.4056
48.9005 2.37034
48.8594 2.38282
48.8689 2.38049
48.8767 2.39975
48.8654 2.37388
48.8801 2.37566
48.8989 2.38248
48.8815 2.38087
48.8554 2.36984
48.8642 2.38814
48.8734 2.39092
48.8739 2.39523
48.8668 2.36955
48.8865 2.39433
48.8772 2.36351
48.8827 2.36983
48.8995 2.38743
48.8717 2.36978
48.8514 2.36228
48.8745 2.35731
48.8828 2.39278
48.862 2.37806
48.8714 2.37229
48.864 2.38108
48.8716 2.38335
48.8582 2.36448
48.8643 2.35305
48.8601 2.36456
48.8558 2.36848
48.863 2.38745
48.879 2.3981
48.8551 2.35025
48.8587 2.35213
48.8522 2.366
48.8882 2.39072
48.8584 2.35846
48.8761 2.36028
48.8797 2.36779
48.8558 2.35319
48.8764 2.36229
48.8494 2.3699
48.8677 2.35484
48.8987 2.3741
48.8894 2.38093
48.868 2.38704
48.8639 2.36275
48.9012 2.37091
48.8829 2.37371
48.8569 2.37222
48.89 2.38732
48.8663 2.35203
48.8785 2.37542
48.8545 2.35883
48.873 2.37458
48.8588 2.35738
48.8691 2.35813
48.8585 2.38018
48.8963 2.38426
48.8652 2.36021
48.87 2.3791
48.8764 2.37213
48.8749 2.39363
48.8761 2.36059
48.8907 2.36261
48.8745 2.38944
48.8654 2.35353
48.8725 2.37855
48.8728 2.38954
48.879 2.37128
48.8568 2.35371
48.8851 2.38375
48.8645 2.36349
48.8881 2.3954
48.869 2.37175
48.861 2.34773
48.8755 2.39921
48.879 2.369
48.849 2.36451
48.8832 2.38792
48.8564 2.37092
48.8763 2.35814
48.8553 2.34705
48.8513 2.35808
48.8514 2.36987
48.8667 2.37351
48.8651 2.37504
48.8826 2.39038
48.8571 2.36886
48.8674 2.35155
48.8706 2.3882
48.8935 2.36296
48.8678 2.35174
48.863 2.37929
48.8779 2.38553
48.8754 2.39257
48.8692 2.38087
48.8654 2.36879
48.8638 2.38231
48.8537 2.36166
48.8822 2.39337
48.8531 2.36967
48.8784 2.35843
48.8623 2.36373
48.8642 2.35058
48.8573 2.34699
48.8763 2.35789
48.8614 2.36716
48.8754 2.40278
48.8548 2.35072
48.8931 2.36351
48.8778 2.39848
48.8632 2.38826
48.8594 2.34683
48.8561 2.3666
48.8534 2.35935
48.8607 2.3674
48.8725 2.36653
48.8663 2.35979
48.8886 2.37912
48.8725 2.37626
48.8667 2.38701
48.8852 2.37614
48.8658 2.3575
48.8584 2.37666
48.8843 2.3957
48.8866 2.39628
48.8756 2.3874
48.8835 2.38201
48.8747 2.38775
48.8612 2.3535
48.8738 2.38285
48.8632 2.36667
48.8594 2.37584
48.8615 2.3636
48.8615 2.35263
48.8858 2.36496
48.8825 2.37
48.8702 2.38444
48.896 2.38131
48.8789 2.40186
48.8781 2.3868
48.8646 2.38569
48.8577 2.34778
48.8638 2.35278
48.8845 2.36144
48.8647 2.36464
48.889 2.39378
48.8741 2.37231
48.8723 2.37344
48.8772 2.37028
48.8647 2.36581
48.866 2.35598
48.8726 2.36657
48.8692 2.39191
48.8649 2.36565
48.8845 2.36478
48.8923 2.37913
48.8761 2.37217
48.8639 2.34906
48.8582 2.37675
48.8685 2.39452
48.8508 2.36142
48.8678 2.38274
48.8907 2.36182
48.8682 2.37169
48.8773 2.35512
48.871 2.36592
48.8996 2.39257
48.8752 2.36719
48.8852 2.37937
48.874 2.39591
48.8825 2.38171
48.8676 2.37563
48.8612 2.36314
48.871 2.36915
48.8636 2.35744
48.901 2.37173
48.8633 2.34887
48.8761 2.36022
48.8619 2.35692
48.858 2.37166
48.8877 2.3824
48.8719 2.39377
48.8659 2.35812
48.8614 2.37005
48.8863 2.39636
48.8752 2.39507
48.8521 2.36958
48.8755 2.35764
48.8585 2.35527
48.8632 2.36418
48.8764 2.35599
48.8709 2.38146
48.8864 2.36916
48.8906 2.37685
48.8822 2.37448
48.8826 2.36168
48.8474 2.36478
48.8689 2.36388
48.8544 2.35916
48.8728 2.37982
48.8579 2.35786
48.8615 2.35264
48.8905 2.3964
48.8548 2.34772
48.8524 2.35706
48.8645 2.37347
48.8546 2.37809
48.8793 2.40024
48.8548 2.37272
48.9001 2.38816
48.8646 2.3568
48.9009 2.37358
48.8599 2.36074
48.8617 2.35168
48.8605 2.38326
48.8906 2.36392
48.8789 2.4015
48.8864 2.39285
48.8705 2.39542
48.8524 2.36382
48.8908 2.37819
48.8701 2.39577
48.884 2.39552
48.8557 2.36851
48.8763 2.362
48.8763 2.35805
48.879 2.37857
48.8613 2.36769
48.8606 2.36733
48.8569 2.35382
48.8905 2.38312
48.8689 2.3517
48.8895 2.37808
48.8601 2.36567
48.8602 2.38207
48.8587 2.37858
48.8792 2.36869
48.8807 2.37281
48.8606 2.34933
48.8772 2.38789
48.8857 2.3771
48.8865 2.39429
48.8619 2.37274
48.8777 2.3704
48.8638 2.34914
48.8528 2.36908
48.888 2.38916
48.8788 2.37845
48.8781 2.39636
48.8653 2.35662
48.8931 2.3636
48.8595 2.36817
48.8735 2.3831
48.8958 2.37928
48.8765 2.35631
48.8727 2.36661
48.8657 2.37234
48.8761 2.36088
48.8689 2.35879
48.8932 2.3634
48.8824 2.37003
48.8882 2.37963
48.8589 2.37625
48.8738 2.35832
48.8574 2.36983
48.8966 2.37667
48.8793 2.35708
48.8832 2.36562
48.8614 2.35363
48.8707 2.35651
48.8871 2.38675
48.8652 2.35141
48.8599 2.35434
48.8535 2.36917
48.888 2.37729
48.8961 2.3841
48.8559 2.35577
48.8683 2.38138
48.8619 2.36444
48.8616 2.37732
48.8632 2.35248
48.8552 2.36272
48.88 2.39012
48.8609 2.34953
48.885 2.39436
48.8629 2.38753
48.8732 2.36419
48.8868 2.38116
48.8899 2.36381
48.8643 2.38939
48.8502 2.36565
48.8763 2.35769
48.8642 2.37118
48.8691 2.35542
48.8624 2.37984
48.8691 2.36255
48.8663 2.37207
48.8852 2.36659
48.8638 2.35489
48.8654 2.37973
48.8983 2.38635
48.8603 2.35019
48.8787 2.37838
48.865 2.37464
48.8762 2.35883
48.8623 2.38539
48.858 2.36547
48.8729 2.38949
48.8662 2.3525
48.8555 2.36119
48.8792 2.36673
48.8464 2.36567
48.8803 2.40032
48.869 2.38074
48.8693 2.35676
48.8861 2.38986
48.8462 2.36818
48.8582 2.35464
48.8777 2.38127
48.8611 2.37498
48.8668 2.37394
48.854 2.3611
48.8855 2.36579
48.8933 2.37315
48.8912 2.364
48.8953 2.37201
48.8753 2.39355
48.869 2.38064
48.8758 2.40095
48.8555 2.34609
48.8703 2.37677
48.8679 2.37749
48.8693 2.35241
48.8655 2.3561
48.8661 2.37018
48.885 2.38615
48.849 2.3681
48.8792 2.38834
48.8751 2.37365
48.8689 2.35598
48.8644 2.35148
48.8824 2.36917
48.8577 2.36074
48.8885 2.38168
48.848 2.36764
48.8717 2.36792
48.8599 2.35074
48.8552 2.36012
48.8739 2.38951
48.8785 2.4001
48.8821 2.36336
48.8804 2.3796
48.8763 2.40366
48.8994 2.36586
48.8617 2.35167
48.8796 2.36706
48.8772 2.37411
48.8544 2.37612
48.8733 2.37811
48.8749 2.37354
48.8599 2.363
48.8581 2.3566
48.8865 2.377
48.866 2.38399
48.8607 2.35516
48.8629 2.34867
48.8558 2.35322
48.8653 2.38776
48.8581 2.37195
48.8698 2.36618
48.8774 2.37027
48.8792 2.39239
48.8544 2.37135
48.8651 2.35446
48.8805 2.37656
48.863 2.3713
48.8726 2.39609
48.8534 2.36168
48.883 2.37151
48.879 2.3784
48.8825 2.40091
48.8583 2.34728
48.8582 2.35816
48.8504 2.36004
48.8811 2.36943
48.8706 2.3776
48.8583 2.35195
48.8579 2.36639
48.8765 2.35788
48.866 2.35354
48.8856 2.39772
48.8609 2.36727
48.8768 2.3744
48.872 2.37286
48.8629 2.35786
48.868 2.37838
48.8723 2.39787
48.8601 2.37557
48.886 2.38216
48.8884 2.36067
48.8532 2.37508
48.8697 2.35261
48.8645 2.36936
48.8742 2.35856
48.859 2.35371
48.8663 2.37209
48.8475 2.36556
48.8863 2.39706
48.8788 2.37832
48.8554 2.34604
48.8584 2.35051
48.8628 2.36464
48.8806 2.38824
48.8762 2.35865
48.8621 2.37406
48.8533 2.36865
48.8584 2.36168
48.8799 2.36225
48.8572 2.37281
48.8745 2.3743
48.8697 2.37006
48.8632 2.35165
48.8986 2.36563
48.8987 2.36661
48.862 2.35393
48.872 2.36586
48.8576 2.36807
48.8982 2.38601
48.855 2.35354
48.8901 2.36128
48.8868 2.35961
48.8622 2.35299
48.8545 2.37803
48.8684 2.3749
48.871 2.37411
48.8614 2.34897
48.885 2.38328
48.8717 2.36445
48.8897 2.39576
48.8871 2.37549
48.8642 2.38613
48.8883 2.38132
48.8926 2.37464
48.8712 2.37465
48.8552 2.36113
48.8712 2.36058
48.8843 2.35932
48.8752 2.39237
48.8844 2.38286
48.8573 2.34992
48.8665 2.37231
48.8764 2.3996
48.8861 2.38308
48.8776 2.39508
48.8773 2.4034
48.8579 2.37699
48.8763 2.37601
48.8867 2.36115
48.8843 2.36686
48.8578 2.35706
48.8521 2.35585
48.8682 2.38395
48.8821 2.39315
48.866 2.37069
48.8829 2.3706
48.8611 2.37493
48.8805 2.36892
48.876 2.35994
48.8593 2.34947
48.8611 2.38285
48.8521 2.36572
48.8653 2.37475
48.8924 2.38535
48.862 2.36462
48.8793 2.38448
48.8592 2.36767
48.8986 2.37105
48.8535 2.36155
48.8768 2.36287
48.8849 2.38258
48.8733 2.35871
48.884 2.37787
48.8747 2.38055
48.8547 2.36954
48.8762 2.35896
48.8568 2.366
48.8664 2.38048
48.8769 2.39875
48.856 2.36844
48.8663 2.39086
48.8891 2.39363
48.8844 2.36918
48.8699 2.38312
48.868 2.36235
48.9002 2.37114
48.8511 2.36226
48.8492 2.37133
48.8663 2.36889
48.8553 2.36254
48.8843 2.36755
48.8689 2.37258
48.8716 2.39724
48.8546 2.36273
48.8888 2.37967
48.8651 2.3848
48.8735 2.38984
48.8761 2.39791
48.8712 2.35229
48.8761 2.3685
48.8743 2.36263
48.8711 2.36101
48.8957 2.36371
48.8591 2.36685
48.8842 2.39303
48.8766 2.35616
48.8827 2.38995
48.8913 2.36327
48.8569 2.36823
48.8534 2.35399
48.8894 2.39447
48.8937 2.37339
48.8987 2.3712
48.893 2.38007
48.8753 2.38963
48.8515 2.36921
48.8559 2.35796
48.8528 2.36781
48.8781 2.36492
48.8652 2.3745
48.8693 2.37154
48.8558 2.35899
48.8657 2.35059
48.8752 2.38229
48.8561 2.35711
48.8895 2.39572
48.8671 2.35248
48.867 2.38286
48.9007 2.3716
48.8571 2.35527
48.8839 2.39474
48.8618 2.3509
48.8828 2.37561
48.89 2.38219
48.8729 2.36375
48.9001 2.37666
48.8552 2.35284
48.8552 2.35379
48.8907 2.3632
48.8828 2.35934
48.8631 2.37616
48.8717 2.38633
48.8655 2.38987
48.8716 2.37851
48.8627 2.37962
48.8686 2.36306
48.8904 2.3955
48.8795 2.39981
48.8784 2.37424
48.8555 2.34601
48.8932 2.36342
48.8709 2.3954
48.8862 2.37652
48.8536 2.36146
48.8578 2.37091
48.8641 2.3501
48.8738 2.37032
48.8854 2.37998
48.882 2.36178
48.8603 2.35302
48.8908 2.37549
48.8676 2.37728
48.8532 2.37046
48.8673 2.35681
48.8543 2.35594
48.87 2.35607
48.8679 2.38663
48.8824 2.36202
48.8578 2.38006
48.897 2.39252
48.8887 2.38593
48.8795 2.35718
48.8604 2.35307
48.8885 2.38018
48.8547 2.35055
48.8832 2.38109
48.8801 2.39018
48.8582 2.34906
48.8774 2.36972
48.8866 2.38481
48.8788 2.37835
48.8478 2.36415
48.8762 2.35828
48.8843 2.36461
48.863 2.38168
48.8838 2.36858
48.8501 2.36857
48.8783 2.37286
48.8601 2.37303
48.8829 2.37392
48.8913 2.3618
48.8602 2.36368
48.8912 2.37734
48.85 2.37051
48.8862 2.3829
48.8816 2.36578
48.8727 2.39424
48.8644 2.36181
48.8641 2.36242
48.869 2.36797
48.8924 2.37891
48.8834 2.39219
48.8827 2.36172
48.8892 2.3946
48.8626 2.3598
48.8732 2.36023
48.8564 2.37676
48.8923 2.38542
48.8519 2.35861
48.8708 2.3654
48.8543 2.37141
48.876 2.36053
48.8644 2.35788
48.8779 2.39346
48.8714 2.38292
48.8745 2.36285
48.8715 2.39141
48.878 2.40174
48.8723 2.36198
48.8769 2.39257
48.901 2.38915
48.8692 2.37746
48.8539 2.36739
48.8693 2.35237
48.8804 2.39591
48.8519 2.3631
48.8633 2.36168
48.8737 2.37039
48.8958 2.37934
48.8744 2.37442
48.8625 2.37809
48.8631 2.38707
48.8551 2.36533
48.8872 2.38078
48.8785 2.35666
48.8573 2.35234
48.8878 2.37303
48.8583 2.35604
48.8644 2.37327
48.8616 2.34805
48.8825 2.37035
48.8901 2.37737
48.8548 2.34781
48.8899 2.39662
48.8602 2.34827
48.8926 2.39483
48.8566 2.36733
48.8988 2.3763
48.8608 2.36783
48.878 2.37075
48.8693 2.36339
48.8927 2.37451
48.8733 2.3819
48.8626 2.36438
48.8866 2.36907
48.8905 2.39533
48.8755 2.39203
48.8935 2.37673
48.8534 2.36954
48.8837 2.39479
48.8787 2.38823
48.8766 2.36344
48.8872 2.38716
48.8691 2.36437
48.8533 2.37669
48.8862 2.39637
48.8468 2.36942
48.8557 2.37164
48.8761 2.35951
48.8811 2.37183
48.8682 2.39002
48.8893 2.37526
48.8763 2.38761
48.8726 2.36327
48.8568 2.37317
48.8533 2.36961
48.8591 2.3715
48.8679 2.35499
48.8804 2.36429
48.8647 2.38293
48.8738 2.35675
48.8594 2.35046
48.8857 2.36839
48.872 2.38319
48.8596 2.37473
48.8715 2.36209
48.8695 2.37209
48.8671 2.36307
48.879 2.39111
48.8599 2.35278
48.8687 2.35385
48.858 2.34966
48.8824 2.3706
48.8828 2.37452
48.8614 2.38032
48.8554 2.37049
48.8696 2.38219
48.9008 2.3741
48.8601 2.36648
48.8742 2.37736
48.8579 2.34718
48.8634 2.36924
48.8656 2.37733
48.8572 2.36614
48.8591 2.35141
48.8815 2.37041
48.8568 2.37047
48.8621 2.34832
48.8602 2.34828
48.8983 2.38616
48.8789 2.37851
48.8625 2.38596
48.89 2.36254
48.8534 2.36763
48.8649 2.37375
48.8907 2.36231
48.8645 2.38888
48.8865 2.36934
48.8711 2.37669
48.8638 2.37011
48.8649 2.36654
48.8688 2.36794
48.8628 2.38732
48.876 2.35951
48.8684 2.35525
48.8744 2.38625
48.8993 2.36562
48.8786 2.40113
48.8736 2.39035
48.8598 2.36282
48.8819 2.39291
48.8559 2.35112
48.8996 2.38775
48.8839 2.39169
48.8624 2.37903
48.9004 2.37143
48.8734 2.39002
48.8816 2.37231
48.8825 2.36691
48.8536 2.3744
48.8934 2.38344
48.8667 2.36924
48.8883 2.38625
48.8651 2.35035
48.8729 2.38935
48.8777 2.37019
48.883 2.35908
48.8786 2.36419
48.8754 2.3592
48.8681 2.37242
48.8817 2.38846
48.8585 2.34993
48.8532 2.36968
48.8769 2.38301
48.8643 2.38179
48.8713 2.38034
48.8626 2.37648
48.8706 2.3825
48.8722 2.38463
48.8536 2.36183
48.8841 2.36682
48.8587 2.34742
48.8608 2.3487
48.8647 2.38152
48.8886 2.37846
48.8945 2.37062
48.8748 2.37974
48.8793 2.35867
48.8532 2.3686
48.8771 2.38242
48.8819 2.36288
48.857 2.36734
48.8714 2.35356
48.8572 2.34711
48.8488 2.36532
48.8808 2.37042
48.8682 2.35358
48.8691 2.35156
48.9003 2.38031
48.8836 2.37337
48.8598 2.37685
48.8633 2.385
48.8806 2.36871
48.886 2.37779
48.8987 2.37033
48.8465 2.36658
48.8768 2.38594
48.8621 2.37268
48.8556 2.36335
48.8601 2.36763
48.8566 2.37926
48.8565 2.35734
48.883 2.36991
48.8688 2.36762
48.8665 2.38541
48.8696 2.35256
48.8609 2.35333
48.8738 2.38801
48.8529 2.36831
48.8703 2.3892
48.8555 2.3601
48.8553 2.34599
48.8874 2.38158
48.8559 2.36226
48.869 2.38819
48.8504 2.36291
48.8732 2.35902
48.8739 2.37177
48.8858 2.39434
48.8642 2.35902
48.8652 2.38501
48.8846 2.38735
48.8861 2.35942
48.876 2.36081
48.8673 2.3759
48.8688 2.3853
48.8752 2.39521
48.869 2.37687
48.8755 2.36426
48.8613 2.38008
48.8777 2.3956
48.8672 2.3628
48.8612 2.3582
48.8765 2.35788
48.8841 2.37526
48.901 2.37033
48.8717 2.37586
48.8634 2.36155
48.8624 2.35743
48.8571 2.35523
48.8575 2.35123
48.869 2.35221
48.8677 2.38879
48.8895 2.38393
48.8601 2.35688
48.8698 2.37504
48.8678 2.39066
48.8686 2.36709
48.8754 2.39777
48.8491 2.37065
48.8496 2.3639
48.8728 2.37625
48.8599 2.35441
48.8829 2.36174
48.8551 2.36166
48.8576 2.38044
48.8685 2.37291
48.8616 2.36233
48.873 2.37605
48.8957 2.3836
48.8761 2.3602
48.8766 2.36351
48.8807 2.36241
48.8667 2.3895
48.9003 2.38718
48.8619 2.3834
48.8608 2.36729
48.8553 2.37758
48.8622 2.34937
48.8736 2.37501
48.8655 2.35323
48.8994 2.38796
48.8533 2.37574
48.8719 2.36453
48.8783 2.39832
48.8689 2.35554
48.8985 2.38641
48.8568 2.37786
48.8795 2.39132
48.8931 2.3852
48.8706 2.35494
48.8552 2.37376
48.8705 2.35949
48.8617 2.37443
48.8724 2.38238
48.8812 2.40115
48.8699 2.37539
48.8611 2.37781
48.8848 2.36817
48.8881 2.38097
48.8843 2.36365
48.8575 2.35148
48.8732 2.35885
48.8783 2.37304
48.8715 2.37765
48.8853 2.38508
48.8753 2.39533
48.8656 2.35564
48.8846 2.37711
48.8788 2.40144
48.8668 2.36191
48.858 2.38035
48.8702 2.37648
48.8563 2.35662
48.8959 2.38388
48.86 2.35004
48.8632 2.36201
48.8737 2.3649
48.8724 2.36682
48.8636 2.38337
48.8781 2.40475
48.8767 2.36459
48.8869 2.36683
48.8656 2.36943
48.8765 2.36757
48.8911 2.37372
48.8724 2.39269
48.8665 2.36476
48.8688 2.36694
48.8733 2.35806
48.8876 2.3885
48.8683 2.38819
48.8741 2.3756
48.8853 2.37184
48.8909 2.38386
48.8646 2.37233
48.8719 2.37717
48.8688 2.36264
48.8458 2.36764
48.8638 2.38906
48.8596 2.35243
48.8921 2.37258
48.8882 2.38049
48.8863 2.36283
48.8725 2.38297
48.8737 2.38953
48.8861 2.37961
48.8869 2.39431
48.8532 2.36858
48.8493 2.36658
48.8563 2.35659
48.8565 2.35542
48.8825 2.36949
48.8642 2.35136
48.8761 2.37028
48.8749 2.36553
48.8931 2.39481
48.9002 2.38008
48.862 2.37697
48.8695 2.36933
48.8976 2.38545
48.8629 2.35067
48.876 2.36464
48.8583 2.36382
48.8821 2.39328
48.876 2.35972
48.8742 2.36286
48.8649 2.36078
48.8684 2.36293
48.8906 2.38222
48.9008 2.3738
48.8673 2.39068
48.8652 2.35712
48.8648 2.38176
48.8524 2.35484
48.8514 2.36961
48.8865 2.36102
48.8829 2.35902
48.8554 2.36007
48.8849 2.37963
48.8512 2.36269
48.878 2.35646
48.8793 2.38434
48.8846 2.37908
48.8846 2.39448
48.8636 2.36468
48.8867 2.38131
48.8907 2.36127
48.8621 2.37295
48.8568 2.37424
48.8737 2.35669
48.8468 2.36641
48.867 2.35827
48.8839 2.37769
48.869 2.36749
48.8501 2.36221
48.8595 2.36761
48.8774 2.39557
48.869 2.38583
48.862 2.37981
48.876 2.35999
48.86 2.34998
48.8645 2.36344
48.8703 2.38181
48.8804 2.37042
48.8652 2.36301
48.8873 2.36706
48.8621 2.38014
48.8712 2.35817
48.9007 2.38935
48.8728 2.38953
48.865 2.35826
48.8758 2.38358
48.8919 2.36336
48.8557 2.35119
48.9007 2.37498
48.8815 2.37439
48.859 2.35573
48.8887 2.37094
48.8741 2.36355
48.8987 2.36842
48.8511 2.36647
48.8742 2.35526
48.8768 2.39059
48.8644 2.36901
48.8719 2.35998
48.8754 2.3826
48.8778 2.37408
48.8774 2.36137
48.8763 2.35844
48.8686 2.37205
48.8692 2.3561
48.8764 2.35795
48.8607 2.37528
48.856 2.35912
48.8506 2.36614
48.8706 2.38404
48.8798 2.36552
48.8557 2.34832
48.8643 2.37305
48.8653 2.36201
48.8738 2.38971
48.8882 2.39584
48.8646 2.36454
48.8805 2.35767
48.8888 2.37889
48.8575 2.36445
48.8708 2.37046
48.8589 2.35225
48.8864 2.39394
48.8981 2.38622
48.8746 2.36629
48.8783 2.37065
48.8687 2.36811
48.8747 2.36082
48.8745 2.37321
48.9009 2.37027
48.8647 2.36455
48.8624 2.3737
48.9009 2.3873
48.8695 2.37391
48.8501 2.36592
48.8802 2.40144
48.8843 2.39126
48.8858 2.39516
48.8554 2.3596
48.8695 2.39316
48.8732 2.36147
48.8774 2.40032
48.8583 2.37923
48.8583 2.35934
48.8999 2.38762
48.8761 2.36013
48.8845 2.36421
48.8714 2.39689
48.8615 2.3646
48.8609 2.37572
48.8792 2.3629
48.864 2.37347
48.871 2.36082
48.8822 2.36318
48.8759 2.36013
48.8728 2.38939
48.8624 2.35205
48.8656 2.3593
48.8864 2.39428
48.8567 2.34893
48.8917 2.36547
48.8757 2.38904
48.8866 2.38467
48.8556 2.37461
48.8467 2.36531
48.8577 2.36805
48.8754 2.39227
48.8858 2.37063
48.8616 2.38257
48.8884 2.3741
48.8753 2.36915
48.8573 2.34925
48.8687 2.36704
48.8654 2.36042
48.8635 2.36332
48.8552 2.3629
48.8629 2.38724
48.8944 2.38146
48.8734 2.37061
48.8529 2.3533
48.8578 2.35867
48.8889 2.38857
48.8718 2.36005
48.8691 2.38068
48.8797 2.40157
48.8813 2.37319
48.8615 2.36317
48.8689 2.35399
48.9006 2.37583
48.8762 2.35885
48.8734 2.38259
48.8867 2.35957
48.8863 2.39527
48.8702 2.38428
48.87 2.39444
48.8843 2.37591
48.871 2.35329
48.8842 2.36151
48.8708 2.3784
48.8839 2.36893
48.8646 2.3873
48.8985 2.38661
48.8634 2.35825
48.8948 2.38231
48.8811 2.36515
48.859 2.38126
48.8609 2.38054
48.8765 2.35787
48.8702 2.36005
48.8957 2.37138
48.866 2.35345
48.8709 2.35878
48.8835 2.37683
48.8788 2.40198
48.8594 2.36453
48.8991 2.37031
48.9006 2.37179
48.8761 2.39436
48.8824 2.37037
48.8997 2.37028
48.87 2.37103
48.866 2.38966
48.8688 2.38725
48.8588 2.3738
48.8763 2.35839
48.8662 2.35719
48.87 2.37557
48.8591 2.37496
48.8742 2.37148
48.8749 2.38892
48.8836 2.39698
48.8665 2.36149
48.874 2.37031
48.8558 2.34773
48.8891 2.39431
48.8716 2.38731
48.8718 2.37196
48.8705 2.36121
48.8967 2.37052
48.8571 2.36818
48.8796 2.39649
48.8519 2.37379
48.8626 2.36731
48.8602 2.36743
48.8596 2.35259
48.865 2.36249
48.8685 2.38617
48.8703 2.39147
48.8864 2.36656
48.8526 2.36808
48.8864 2.39433
48.8684 2.35528
48.8603 2.3563
48.8603 2.37863
48.8586 2.3713
48.8785 2.37041
48.8784 2.38176
48.8708 2.36141
48.8749 2.35902
48.8711 2.39302
48.8838 2.3643
48.8557 2.363
48.8888 2.39313
48.8667 2.36202
48.8628 2.37871
48.8577 2.3801
48.8755 2.35782
48.8796 2.3895
48.8615 2.37858
48.8715 2.36035
48.858 2.353
48.8579 2.38111
48.8781 2.38293
48.8527 2.35415
48.8529 2.36874
48.8587 2.35874
48.8586 2.34934
48.8652 2.37464
48.8626 2.35423
48.8621 2.36455
48.8624 2.37192
48.883 2.38552
48.8794 2.3676
48.8818 2.36305
48.8857 2.37834
48.8555 2.35967
48.8766 2.39251
48.8534 2.36716
48.8748 2.37958
48.8524 2.36671
48.8842 2.3686
48.8965 2.39317
48.8719 2.36448
48.8849 2.36043
48.8571 2.36444
48.8839 2.38456
48.8686 2.35985
48.8648 2.37301
48.8762 2.39492
48.876 2.3599
48.8988 2.37811
48.9007 2.37318
48.8548 2.36811
48.8828 2.37016
48.882 2.39282
48.8661 2.3792
48.8623 2.3726
48.8759 2.39491
48.8536 2.36141
48.8759 2.35931
48.8803 2.37418
48.8772 2.38774
48.8775 2.40185
48.8804 2.37117
48.8528 2.3694
48.8819 2.38838
48.8866 2.39404
48.8572 2.34727
48.8746 2.37892
48.8569 2.36282
48.8605 2.34738
48.8633 2.36063
48.8771 2.3879
48.8616 2.35213
48.8619 2.37214
48.8894 2.38546
48.8533 2.37701
48.8761 2.35958
48.8555 2.35773
48.8557 2.35156
48.8697 2.35196
48.8646 2.36337
48.8687 2.38962
48.8715 2.38602
48.8538 2.36817
48.8662 2.37124
48.8649 2.37068
48.854 2.36893
48.8716 2.39018
48.8945 2.38433
48.8897 2.36812
48.8719 2.36454
48.8616 2.3671
48.8788 2.3857
48.8555 2.36363
48.876 2.35962
48.8559 2.36731
48.8879 2.37993
48.8603 2.37204
48.8586 2.35782
48.8725 2.37131
48.8518 2.36649
48.8898 2.37596
48.8778 2.3616
48.8746 2.36625
48.8872 2.35968
48.866 2.35377
48.8807 2.40005
48.8774 2.38666
48.8841 2.39684
48.8868 2.36098
48.8602 2.35089
48.8998 2.38803
48.8859 2.38228
48.8718 2.38931
48.8845 2.36077
48.8885 2.38112
48.8726 2.37314
48.8657 2.38753
48.8649 2.3881
48.8648 2.36452
48.869 2.38069
48.86 2.36455
48.8725 2.3738
48.8627 2.35428
48.8584 2.38003
48.854 2.37538
48.8544 2.35495
48.9003 2.3767
48.8753 2.39569
48.8932 2.37985
48.8555 2.3629
48.8673 2.38901
48.8546 2.35517
48.866 2.36635
48.8906 2.37651
48.8852 2.38458
48.864 2.38769
48.8644 2.3691
48.8634 2.35093
48.8533 2.37526
48.8585 2.3482
48.8833 2.39493
48.861 2.37909
48.8529 2.36011
48.8533 2.37031
48.8699 2.36073
48.8562 2.36132
48.882 2.39326
48.8643 2.35517
48.8865 2.39394
48.8623 2.3852
48.8588 2.36563
48.8598 2.37571
48.8657 2.37423
48.8917 2.3824
48.8762 2.35879
48.8989 2.37983
48.8904 2.39541
48.8608 2.3486
48.8598 2.35173
48.8938 2.39457
48.8786 2.40048
48.8664 2.372
48.8668 2.3513
48.8841 2.36745
48.8839 2.3778
48.8604 2.36408
48.889 2.39677
48.8683 2.38633
48.8768 2.3839
48.8582 2.35453
48.8718 2.39835
48.872 2.39585
48.8842 2.38423
48.8918 2.37247
48.8652 2.36226
48.8598 2.36753
48.859 2.35021
48.8519 2.36969
48.8784 2.37002
48.8692 2.36237
48.8777 2.37033
48.8763 2.35831
48.8653 2.37442
48.8605 2.35974
48.876 2.36006
48.8511 2.36112
48.8587 2.36282
48.9008 2.37426
48.8708 2.36851
48.8929 2.3952
48.8481 2.36499
48.8817 2.38108
48.884 2.39041
48.8544 2.34975
48.8659 2.39096
48.8813 2.35809
48.8932 2.36357
48.8745 2.35717
48.8489 2.36251
48.8761 2.35958
48.8537 2.36567
48.8529 2.35353
48.8572 2.37958
48.8565 2.36428
48.8936 2.38309
48.8951 2.38274
48.8738 2.38812
48.869 2.3556
48.865 2.35338
48.8759 2.35949
48.856 2.35799
48.8656 2.36146
48.873 2.39618
48.8797 2.37438
48.8865 2.39396
48.8756 2.38315
48.8671 2.38329
48.8652 2.36774
48.8866 2.3693
48.8531 2.3578
48.8883 2.39582
48.8581 2.35901
48.8696 2.37836
48.8577 2.36736
48.8806 2.36898
48.8526 2.36734
48.8899 2.39562
48.871 2.3821
48.8526 2.36332
48.871 2.37891
48.8696 2.35297
48.8536 2.35331
48.8654 2.35723
48.8658 2.37156
48.8783 2.39788
48.8678 2.37714
48.8911 2.37346
48.8492 2.37087
48.8893 2.38365
48.8699 2.35275
48.871 2.38859
48.8572 2.34955
48.8728 2.35446
48.8616 2.38474
48.8795 2.35768
48.8663 2.38024
48.8652 2.35567
48.8639 2.37202
48.8716 2.35363
48.876 2.36002
48.8612 2.35061
48.8619 2.34922
48.8651 2.37474
48.864 2.38128
48.8773 2.39273
48.8812 2.37879
48.8548 2.36874
48.8589 2.36223
48.8753 2.35935
48.8629 2.37158
48.8868 2.36849
48.8937 2.38323
48.8896 2.38617
48.8956 2.38325
48.867 2.36281
48.8873 2.37287
48.8647 2.37011
48.8569 2.34823
48.9014 2.37019
48.8561 2.35332
48.8616 2.35372
48.876 2.36833
48.8666 2.38128
48.8682 2.35188
48.8862 2.39671
48.8738 2.37514
48.8669 2.37334
48.8779 2.40558
48.8509 2.35904
48.8643 2.35087
48.8648 2.36476
48.8777 2.37006
48.8782 2.35555
48.8537 2.36152
48.8825 2.38262
48.867 2.36552
48.8782 2.38557
48.8569 2.35704
48.8575 2.37974
48.9009 2.38875
48.8745 2.3929
48.8656 2.35692
48.8706 2.37288
48.8661 2.39139
48.8861 2.3611
48.8768 2.39934
48.8745 2.39911
48.8666 2.36734
48.8785 2.37519
48.8761 2.35955
48.8594 2.35296
48.8597 2.36986
48.8624 2.34847
48.8608 2.36135
48.8523 2.36074
48.8793 2.39818
48.8649 2.38799
48.8478 2.36512
48.8677 2.36433
48.8836 2.36053
48.8607 2.34757
48.8905 2.37638
48.8898 2.38654
48.8643 2.35102
48.8897 2.38259
48.8914 2.37223
48.865 2.36254
48.8612 2.34782
48.8788 2.3781
48.8723 2.35403
48.8669 2.38771
48.8556 2.35741
48.8808 2.37284
48.852 2.36545
48.8528 2.3745
48.8678 2.39041
48.8799 2.40139
48.8556 2.35407
48.899 2.36844
48.8566 2.35683
48.8777 2.36541
48.8673 2.36345
48.8758 2.36028
48.8819 2.39352
48.8631 2.38805
48.876 2.3814
48.8632 2.38726
48.8674 2.38284
48.8895 2.39582
48.8857 2.38686
48.8718 2.36426
48.884 2.36838
48.8527 2.36919
48.8938 2.37323
48.8799 2.36737
48.8576 2.35759
48.8615 2.35257
48.8661 2.38966
48.8518 2.36701
48.8998 2.37028
48.8635 2.37725
48.8797 2.35873
48.853 2.3553
48.8639 2.36695
48.8558 2.35637
48.8526 2.36417
48.8866 2.36919
48.8835 2.39573
48.8885 2.39196
48.864 2.36391
48.8761 2.36824
48.8762 2.35612
48.8631 2.35241
48.8497 2.36449
48.8633 2.36712
48.871 2.35518
48.861 2.38513
48.8577 2.35842
48.8555 2.37441
48.8637 2.36108
48.8942 2.37016
48.865 2.35832
48.8845 2.37875
48.8703 2.38368
48.8759 2.40198
48.8825 2.36184
48.8847 2.39287
48.8543 2.35997
48.8551 2.36307
48.8753 2.37315
48.8552 2.37035
48.8736 2.37539
48.8787 2.40126
48.8588 2.36451
48.8814 2.36188
48.849 2.37096
48.8652 2.35194
48.8728 2.35437
48.8613 2.36459
48.8883 2.38427
48.8654 2.35354
48.866 2.37079
48.8566 2.35496
48.8847 2.37981
48.8754 2.3979
48.8628 2.34865
48.8804 2.39672
48.8541 2.36227
48.87 2.36369
48.8857 2.37085
48.8653 2.36805
48.8922 2.37508
48.8646 2.37802
48.8743 2.39789
48.8561 2.35063
48.8615 2.35244
48.861 2.37477
48.8638 2.36278
48.878 2.38806
48.872 2.3626
48.8563 2.36492
48.8569 2.35578
48.8766 2.3748
48.8639 2.3812
48.862 2.35014
48.8598 2.38069
48.8676 2.35328
48.8787 2.36625
48.8717 2.36538
48.8549 2.37076
48.8658 2.36088
48.893 2.39546
48.8714 2.39565
48.8543 2.37333
48.8688 2.37628
48.8762 2.35786
48.8594 2.38276
48.8842 2.38436
48.8703 2.37199
48.8521 2.36272
48.8722 2.35741
48.8562 2.34648
48.899 2.3666
48.8758 2.35651
48.8778 2.37063
48.8538 2.36114
48.8811 2.40169
48.8554 2.34592
48.8993 2.36555
48.8494 2.37109
48.8739 2.37971
48.8579 2.35021
48.8616 2.38067
48.8578 2.38057
48.9011 2.37137
48.8845 2.39453
48.8793 2.39641
48.8683 2.37226
48.8825 2.37507
48.8497 2.3615
48.8557 2.35406
48.875 2.367
48.9002 2.38733
48.8601 2.34906
48.8792 2.36489
48.8911 2.37754
48.8557 2.34797
48.8644 2.37153
48.8687 2.36333
48.8748 2.35739
48.8888 2.38081
48.8675 2.38508
48.8655 2.3616
48.89 2.38509
48.8815 2.37005
48.8506 2.37318
48.8586 2.3765
48.872 2.38688
48.8848 2.38197
48.8694 2.39268
48.8831 2.37416
48.8763 2.36422
48.8537 2.36877
48.8826 2.38032
48.8691 2.37428
48.868 2.37857
48.8689 2.37265
48.8915 2.38522
48.8535 2.35652
48.8604 2.34835
48.8594 2.35613
48.8949 2.3649
48.887 2.37213
48.8631 2.34975
48.8591 2.36563
48.885 2.37879
48.8958 2.38368
48.8899 2.36309
48.8588 2.38077
48.8533 2.37641
48.8667 2.36126
48.8587 2.35479
48.8893 2.38782
48.8795 2.36813
48.864 2.38598
48.854 2.36475
48.8732 2.37474
48.8685 2.36977
48.8539 2.36485
48.877 2.3639
48.8778 2.4003
48.8716 2.38105
48.8573 2.3794
48.8727 2.39925
48.8583 2.35831
48.8647 2.35966
48.8723 2.35588
48.872 2.36955
48.8496 2.36502
48.8891 2.37856
48.8789 2.36233
48.8637 2.35274
48.8762 2.36023
48.865 2.37584
48.8684 2.37955
48.8565 2.3608
48.8664 2.36032
48.8573 2.35907
48.8558 2.35082
48.8876 2.37027
48.8929 2.36961
48.8574 2.38092
48.8534 2.35317
48.8859 2.39641
48.8738 2.38968
48.8817 2.37381
48.8611 2.38114
48.8799 2.37042
48.9004 2.37047
48.8735 2.38301
48.882 2.37005
48.8823 2.38195
48.8744 2.35538
48.8596 2.37335
48.8665 2.36817
48.8509 2.3673
48.8735 2.37375
48.8651 2.38269
48.8729 2.3894
48.8629 2.36256
48.8593 2.35972
48.8632 2.35459
48.9002 2.37708
48.849 2.37064
48.8601 2.37257
48.8824 2.39124
48.8714 2.35784
48.893 2.38411
48.8787 2.40164
48.8693 2.35568
48.885 2.37411
48.8705 2.35956
48.8539 2.36205
48.8595 2.34876
48.8829 2.35936
48.8664 2.391
48.8774 2.39197
48.876 2.40254
48.8848 2.38124
48.867 2.39238
48.8701 2.37932
48.8849 2.39437
48.8897 2.39667
48.8682 2.36541
48.8606 2.35744
48.8575 2.34861
48.8852 2.36782
48.8557 2.35896
48.8536 2.3509
48.8741 2.38568
48.8626 2.36439
48.8781 2.38405
48.8593 2.37008
48.872 2.39186
48.8937 2.38488
48.8893 2.37132
48.8598 2.37182
48.8647 2.36446
48.8558 2.35413
48.8662 2.36964
48.8826 2.36991
48.8997 2.37114
48.858 2.35672
48.8581 2.34969
48.8821 2.39286
48.8555 2.36989
48.872 2.37681
48.8719 2.38266
48.8579 2.36799
48.8618 2.3538
48.8599 2.37455
48.8653 2.38458
48.8786 2.4018
48.8769 2.40214
48.8661 2.35773
48.884 2.36885
48.901 2.38817
48.8516 2.37485
48.8667 2.35044
48.8795 2.38837
48.8581 2.3549
48.8666 2.38665
48.8929 2.37298
48.8746 2.35688
48.859 2.35827
48.8515 2.36375
48.8632 2.38562
48.8746 2.37249
48.8753 2.39393
48.8673 2.35457
48.8847 2.39209
48.8643 2.35014
48.8559 2.3692
48.8535 2.36421
48.8551 2.34693
48.8547 2.35499
48.8643 2.36866
48.861 2.37028
48.8612 2.37535
48.8698 2.3523
48.876 2.35631
48.8712 2.37012
48.9004 2.38845
48.8517 2.36764
48.8586 2.35124
48.8694 2.36323
48.8743 2.35863
48.8579 2.35019
48.8628 2.35334
48.8612 2.38583
48.8688 2.36766
48.8971 2.39241
48.8741 2.37619
48.8675 2.37572
48.8659 2.37036
48.8567 2.37322
48.8622 2.36043
48.8843 2.36419
48.8654 2.35569
48.8605 2.3618
48.8506 2.36003
48.8618 2.36129
48.8679 2.35342
48.8563 2.35814
48.8806 2.36199
48.858 2.38156
48.8664 2.37199
48.8827 2.37023
48.8495 2.36563
48.8947 2.38219
48.8539 2.36099
48.8702 2.38462
48.8989 2.38327
48.8775 2.36586
48.9007 2.38706
48.8557 2.37873
48.8667 2.3668
48.8763 2.36414
48.8636 2.37888
48.8619 2.36461
48.8677 2.38249
48.8679 2.39249
48.8844 2.38425
48.8755 2.35672
48.8687 2.38989
48.8935 2.38461
48.88 2.36709
48.8663 2.3674
48.8712 2.3626
48.8849 2.35933
48.8568 2.35107
48.8764 2.37684
48.8716 2.39228
48.8782 2.39745
48.8659 2.36505
48.8739 2.3853
48.8621 2.36748
48.8607 2.37992
48.8612 2.34971
48.8824 2.36884
48.8727 2.36112
48.8537 2.37264
48.8958 2.38431
48.8674 2.35852
48.8701 2.37596
48.86 2.37089
48.8827 2.36218
48.8997 2.37407
48.8693 2.35421
48.8691 2.35517
48.8559 2.3532
48.8878 2.38928
48.8907 2.37667
48.8743 2.37259
48.8762 2.35898
48.8802 2.39198
48.866 2.3874
48.9004 2.38706
48.8568 2.36139
48.8658 2.38069
48.8905 2.39628
48.8828 2.38246
48.8701 2.37153
48.8558 2.37508
48.8464 2.36688
48.8857 2.37557
48.8843 2.36151
48.8742 2.37437
48.8592 2.36213
48.8648 2.35546
48.8722 2.39317
48.8674 2.36331
48.8571 2.37122
48.8937 2.36462
48.8606 2.37545
48.8661 2.37937
48.8603 2.34733
48.8653 2.37456
48.8515 2.36924
48.8789 2.3785
48.8493 2.36825
48.8621 2.38443
48.8686 2.35538
48.8753 2.37867
48.8562 2.36576
48.8755 2.39893
48.8532 2.37027
48.8761 2.35823
48.8544 2.35927
48.864 2.37067
48.8588 2.37036
48.8989 2.38151
48.8867 2.37455
48.8488 2.368
48.8765 2.36234
48.8744 2.38159
48.8764 2.37427
48.8751 2.38927
48.8795 2.36805
48.8724 2.37809
48.8731 2.38119
48.8596 2.35556
48.8655 2.36406
48.8913 2.36229
48.887 2.38629
48.878 2.3699
48.8776 2.38545
48.8745 2.35765
48.8721 2.37702
48.8555 2.36195
48.8614 2.37669
48.8752 2.3703
48.8807 2.3603
48.8636 2.37472
48.8903 2.37925
48.8606 2.37831
48.9005 2.3885
48.8747 2.38744
48.8823 2.39611
48.8667 2.36515
48.8647 2.37391
48.8642 2.38023
48.8636 2.35
48.8976 2.38572
48.8565 2.37347
48.876 2.3601
48.8599 2.35175
48.8598 2.35197
48.8612 2.36066
48.8789 2.37826
48.886 2.38928
48.8658 2.35687
48.8518 2.35654
48.8555 2.3522
48.852 2.36951
48.8599 2.3515
48.901 2.37216
48.8625 2.3669
48.8879 2.37353
48.8618 2.36528
48.8763 2.35824
48.8646 2.3613
48.8763 2.35741
48.8692 2.35769
48.8768 2.38528
48.8646 2.36473
48.8789 2.39613
48.8718 2.35714
48.8749 2.35731
48.879 2.40159
48.8885 2.37387
48.8585 2.36784
48.8845 2.35933
48.8841 2.37796
48.8843 2.38231
48.8754 2.35603
48.8601 2.36747
48.8668 2.35226
48.8842 2.35939
48.8939 2.37338
48.857 2.35983
2803 2804 2 7 108
3123 7175 2 1 20
462 464 2 30 128
3885 3882 1 11 76
1903 9877 1 12 145
10900 10895 1 20 283
1154 9228 1 6 85
9876 5992 1 13 70
2917 7012 2 5 38
3681 7777 1 15 53
635 660 1 20 168
9724 9709 2 1 11
7868 3783 1 1 10
1111 1125 1 5 58
6762 6744 1 11 136
9023 5180 2 7 66
9180 5290 1 3 34
400 4566 1 56 288
7553 7580 1 16 88
9980 6095 2 6 48
1432 1459 2 3 34
3376 11346 1 1 13
5257 9145 1 51 99
9518 1466 1 25 221
11229 11223 1 22 196
8759 8731 1 5 61
4434 8367 2 11 101
5290 9157 2 17 146
7141 3052 2 1 4
11031 3049 1 20 148
3704 3659 1 1 10
8529 4658 2 12 172
5645 1486 1 36 209
8563 4627 1 1 15
9911 6013 1 67 93
4128 4169 1 33 237
8712 717 2 11 75
7253 7208 1 1 20
658 593 1 1 14
10381 2356 1 27 44
8908 5030 1 17 134
9042 5122 1 12 63
100 8121 1 6 55
2691 6828 1 7 104
6705 2665 1 1 10
7391 11223 2 7 96
9901 6014 1 2 26
4576 425 1 8 86
5617 5625 1 96 133
167 4075 1 6 69
2417 10465 1 3 46
3989 134 1 50 310
9209 9246 2 11 126
1804 1777 2 4 65
6280 10160 2 1 9
10757 10753 2 7 109
2422 10457 1 3 30
6734 6723 1 7 68
7115 7110 1 9 125
9025 8970 1 10 65
10717 6761 1 4 45
6978 10936 1 11 81
795 8903 1 3 30
4690 4743 1 4 48
9750 5817 1 16 184
9834 5998 1 100 140
1502 9483 1 9 123
3889 3842 1 17 220
9621 1567 2 14 155
10160 6183 2 2 14
2821 6841 2 3 50
1586 9665 2 7 100
9986 2041 1 13 193
4760 4681 2 12 70
3039 7152 1 5 50
11118 11172 1 13 145
10120 10156 1 23 199
2336 10235 1 5 29
7170 7140 1 2 31
11112 3267 1 5 68
5304 1226 1 4 65
2744 2631 1 56 613
10688 2607 1 61 438
6527 2398 1 1 6
5645 1428 2 12 118
753 8705 1 14 198
7715 3597 2 1 10
11004 3136 2 9 71
9665 5675 2 7 103
9669 1559 2 6 66
6646 10520 2 2 19
7055 10892 1 2 13
5771 1559 2 4 44
10328 6313 2 7 98
8514 468 1 6 88
6830 6953 1 20 41
513 8452 1 3 45
1649 5895 1 37 75
5695 1723 1 2 24
6739 2795 1 10 113
4307 4184 1 1 9
2855 10691 2 6 84
10689 6923 1 12 150
8759 4736 1 18 118
2048 9898 1 5 45
1721 5699 1 25 83
10465 2599 1 23 140
10675 6897 1 29 182
8616 718 1 22 251
6127 6013 1 7 59
4246 4376 1 15 131
2017 9895 2 1 9
8731 4736 1 13 160
5632 1373 1 11 164
6264 10300 1 13 80
2370 10528 1 17 24
3173 7337 1 9 112
10334 10178 1 9 92
3083 10892 1 1 22
5393 9147 1 1 20
3364 3217 1 9 96
1442 5443 2 4 31
10537 10442 2 138 1039
4048 49 2 1 12
2545 2440 1 5 24
3978 237 1 2 34
9520 5531 1 7 94
3090 7068 2 1 14
3831 7764 1 36 50
9959 5943 1 3 41
9288 5283 2 8 88
7968 3782 1 15 219
8415 4646 2 1 22
8596 8715 2 14 156
7271 3401 1 7 53
6177 9870 2 1 3
341 8553 1 6 93
10936 7185 1 17 122
496 8405 1 15 120
821 8949 1 5 53
9139 9310 1 9 56
8632 773 1 35 109
4599 4526 2 4 44
6853 10688 1 4 68
7131 7072 2 10 149
8641 674 1 3 47
8479 347 2 1 7
833 5177 1 12 90
7073 11031 1 8 52
5180 4982 1 11 143
7279 11215 2 7 75
6211 6409 1 5 41
7161 10879 1 9 19
6211 10328 2 21 287
9687 1636 1 5 55
1231 9117 1 22 122
9734 1649 1 13 85
7263 7449 1 17 185
1333 5569 1 21 244
8440 4609 1 3 42
4010 8142 1 8 110
4480 418 1 11 88
10214 6289 2 7 100
9948 1944 1 31 214
817 8995 2 16 142
3358 3195 2 18 102
395 8440 1 5 57
6881 6743 1 24 124
1643 5801 1 6 72
5797 5771 2 4 66
7570 3569 1 15 208
3156 11326 1 2 12
775 4690 1 6 86
865 5099 2 5 68
8180 3978 1 7 104
10520 6510 1 9 84
2219 6294 1 3 30
10825 6739 1 10 58
6232 2263 1 2 21
7605 7628 1 3 34
464 8381 1 1 23
1290 1494 1 1 17
10461 10485 1 17 108
618 349 2 18 124
9483 5834 2 9 90
1931 2167 1 32 45
11208 3015 1 9 81
10502 2788 1 7 82
5799 9457 2 7 14
5998 10153 1 5 78
4614 727 1 2 35
775 512 1 1 15
4287 135 1 2 25
10537 2827 1 27 316
9423 1684 1 10 122
2556 6910 1 13 134
3269 3011 1 5 77
10692 2454 1 18 37
2413 2697 2 7 100
7903 3597 1 20 282
3188 10912 1 5 75
3356 11065 1 13 109
10392 2658 1 7 84
10549 10801 2 3 28
5469 9609 1 8 63
7957 3615 1 1 18
9502 5866 1 16 102
6171 6375 1 4 63
7233 10911 1 6 72
2181 6006 1 16 117
9970 10205 1 1 18
5801 1432 1 12 169
6418 6146 1 14 135
10833 2542 1 24 189
8953 9257 1 2 15
4502 8680 1 1 9
3101 11322 2 10 80
3114 3381 1 1 18
9575 1290 1 2 28
1802 9518 1 11 80
2258 9932 1 16 68
2545 10856 1 10 122
10409 2735 2 1 15
5530 9635 1 15 167
5964 10103 1 30 298
5372 5052 2 1 13
10885 7235 2 14 20
11295 11087 1 9 91
6142 2310 1 12 148
1263 1604 1 43 190
6127 2219 1 6 73
8739 8552 1 2 17
3217 6967 1 29 87
1992 6422 1 24 283
5830 1528 1 54 284
8323 4748 1 15 111
9722 1516 1 17 214
3072 7471 1 10 92
3386 11022 2 3 44
2873 6634 1 10 138
4781 8360 1 3 16
2968 3148 2 4 59
677 467 1 42 320
5076 5394 1 9 105
6472 6808 1 34 197
9150 781 2 7 72
2274 1963 1 1 17
6828 10388 1 30 213
5030 1069 1 56 160
7212 2985 1 19 175
475 8721 1 17 139
7115 7471 1 7 68
2729 10383 2 4 35
3224 10862 2 13 124
6095 2323 2 12 73
7069 7263 1 4 55
9330 1633 1 13 78
1604 1284 1 5 71
5536 5691 1 9 59
1073 867 1 13 158
10846 6597 1 1 9
770 4576 1 10 118
9496 1716 2 6 94
4754 4460 1 10 108
2299 9921 2 1 10
1114 4954 1 9 115
1327 1574 1 6 56
4370 4098 1 2 29
10207 10024 1 8 111
5315 9028 1 3 55
9209 5164 2 1 14
4425 4776 1 14 135
1293 1616 1 2 36
2649 2412 1 10 95
2637 6518 1 7 68
3101 3339 1 9 92
10626 2454 2 49 378
2568 2792 1 13 141
521 674 1 2 15
152 4414 1 40 235
7869 3417 1 1 13
4434 8686 2 5 34
2584 6845 1 81 459
5808 1514 2 9 61
5318 9039 1 9 79
4535 527 1 17 143
5347 5140 1 2 28
6835 6690 1 20 152
5336 5152 1 5 40
3099 7393 1 17 150
2172 10044 2 1 10
717 4473 2 6 92
4811 4430 1 5 82
1337 5855 2 25 208
10426 2834 2 8 80
2693 6639 1 9 70
9180 975 1 1 2
1373 9801 1 1 9
3014 7459 1 39 116
3326 2917 1 7 52
10733 10375 1 10 131
6680 10689 1 8 72
5349 4983 1 1 19
8282 8203 1 4 52
9726 5469 2 9 82
10837 2463 1 23 196
9523 1678 1 5 68
3188 7130 1 14 176
10361 2759 2 7 104
7628 3677 1 7 90
4507 4865 1 45 282
861 9261 1 1 10
7612 3889 1 19 133
9323 1712 1 16 87
8505 540 1 6 84
1458 9582 1 12 87
2644 10482 2 3 24
6903 6573 1 28 105
1585 9454 1 7 40
7646 3663 1 22 115
1291 5799 1 10 140
7706 7869 1 14 42
11327 2968 2 4 64
1227 8894 1 2 33
1931 2266 1 12 98
10895 11217 1 9 62
10626 2521 1 3 45
5181 5257 1 6 30
1659 9518 1 8 97
1687 1310 2 8 102
775 8394 2 3 22
3666 7679 1 1 20
1275 9711 1 22 196
6294 6127 1 6 60
7151 7318 1 13 108
5344 4962 2 7 104
7233 7113 1 11 75
567 8487 1 14 107
2831 6558 2 3 17
2468 2818 1 31 231
2067 1997 1 40 322
10247 9901 1 122 169
6541 10753 1 7 51
11323 2919 2 3 24
5266 8956 1 4 64
9297 8851 1 10 144
10399 6953 1 57 254
9495 1539 1 2 24
1330 1687 2 1 8
2410 2759 2 2 8
1064 5180 1 14 97
5979 6422 1 24 235
2794 2440 1 11 96
1209 807 1 15 58
5917 5473 1 9 57
6681 2661 2 1 5
718 4526 1 8 68
11039 11110 2 10 124
1808 1291 1 5 42
2460 2787 1 9 134
11340 2919 1 1 11
3923 3450 2 14 128
8850 5414 1 6 42
7117 3269 1 12 117
1661 9470 1 7 73
8447 8738 1 3 42
8910 5303 1 4 32
6458 2821 2 1 8
3392 10895 1 1 8
6718 2547 1 20 177
6439 10833 1 4 56
8360 8762 1 7 88
6348 1918 2 10 83
7319 3037 1 5 64
5692 1466 2 137 391
10201 9905 1 10 137
5362 8908 1 24 200
3689 3648 1 4 59
2567 6740 2 18 224
6744 2568 1 20 216
8410 694 1 18 233
6392 5948 2 2 16
9280 8850 1 19 120
10626 6667 1 26 246
6902 10390 1 34 113
746 302 1 39 203
5497 5830 1 18 75
2530 2681 2 4 53
9951 10175 2 18 184
2353 6946 2 16 89
3749 7672 1 25 99
484 8606 2 1 8
5943 2323 1 25 271
3831 7578 1 72 100
6901 2375 1 13 127
9674 2199 1 5 79
9468 6092 2 5 39
9513 6142 1 6 96
854 349 1 7 107
5631 2048 1 4 62
6146 9519 1 2 39
9540 6172 1 4 50
4708 9079 2 12 142
10955 2472 2 9 136
7269 6748 1 9 134
5283 8686 2 17 102
7312 6826 1 13 144
5101 453 1 10 92
10009 9502 1 9 69
2974 10414 1 5 69
9727 6337 1 6 44
1777 6367 1 18 187
230 3612 1 1 7
9826 1263 1 8 59
2331 1773 1 24 334
4169 7715 1 2 14
3090 10564 2 1 9
8465 5099 1 4 48
2319 1761 2 14 203
26 3455 1 4 52
7843 8261 1 76 188
3407 6902 1 3 36
6690 3114 1 38 366
11223 6853 1 6 50
8690 5253 1 25 142
7743 4128 1 35 134
135 3500 1 3 41
10211 5822 1 8 115
4870 1238 1 11 67
1946 9399 1 4 27
3274 2699 1 8 111
9154 4772 2 85 124
10426 7065 2 14 101
9877 9428 1 15 75
425 5067 1 7 80
9794 6370 2 52 73
6461 2931 1 3 29
9624 6291 1 4 57
7672 153 1 2 29
6841 3358 2 1 24
6375 1702 1 10 101
6956 10409 2 7 78
9335 1903 1 8 111
3811 4371 1 6 66
763 1164 1 7 93
6754 11204 1 8 63
7889 4384 1 2 18
3664 8259 2 7 24
1853 5530 1 10 91
333 786 2 2 22
9014 8487 1 1 12
6953 3326 1 7 55
1491 1952 1 1 9
2132 5670 2 9 54
745 5308 1 13 176
2981 6436 1 25 186
11333 6867 2 1 16
6006 5441 1 24 155
7383 2866 1 1 21
8415 8873 2 9 118
5043 284 1 12 157
4345 7963 1 10 87
2219 9779 1 9 93
7012 6524 2 5 50
5335 8819 1 18 145
6541 10910 1 82 158
3575 8202 1 10 87
3460 8094 2 6 50
4047 3640 1 1 9
9706 10296 1 9 106
9895 1311 1 2 40
10733 7449 2 18 132
1004 8479 2 11 90
7307 10613 1 3 31
7715 8173 1 4 63
2432 10900 1 3 39
2461 2886 1 14 43
10513 7152 1 1 13
2031 1442 1 2 17
2872 11226 1 40 233
1277 1935 1 17 118
6808 11116 2 30 133
9428 5937 1 7 82
1162 4722 2 2 20
1623 10304 2 13 127
9132 4868 1 5 57
9361 9959 2 129 179
6960 6579 2 20 200
7679 3969 1 120 167
5437 9923 1 7 69
2356 3045 1 1 6
8075 7695 1 1 5
5325 4703 1 17 249
3083 2366 1 14 192
4367 3749 1 5 69
8323 8962 2 15 120
8762 9166 1 5 71
6398 1604 1 12 136
1134 8601 1 4 32
5793 10111 1 12 140
9502 1931 1 5 61
1335 2048 1 1 9
8577 1162 2 2 16
6841 3195 1 32 164
472 870 1 16 102
2059 5506 1 4 56
1946 1486 1 119 260
154 7520 2 8 109
4347 7855 1 4 47
11022 6432 1 10 76
2055 1326 1 5 75
8875 403 2 6 88
5559 9845 1 34 344
10538 7073 1 33 291
9801 2139 1 4 61
1942 5595 1 3 35
9911 5611 1 13 190
2199 1754 1 5 79
9582 6329 1 4 56
1064 4810 1 6 91
6463 3059 1 5 56
2440 11009 1 16 165
623 9228 1 2 29
10235 1636 1 4 57
2422 3037 2 4 57
1297 10028 1 15 162
8095 7633 2 16 181
11002 2432 1 3 28
3659 4363 1 3 54
1604 10211 1 10 47
481 4957 1 2 27
10185 9734 1 41 183
1186 4786 1 1 14
11306 10607 2 12 97
11291 6712 1 16 223
865 8465 1 24 82
7078 2505 1 32 45
5443 2031 2 4 49
9204 625 2 1 17
5441 2031 1 16 222
5776 10270 1 15 122
199 3440 2 10 61
4735 1228 2 14 115
6180 1293 1 18 182
8970 4485 1 8 119
9783 6190 1 5 50
8456 5076 1 2 16
3184 10791 2 1 2
4469 970 1 4 33
2463 11002 1 21 94
2196 5805 1 1 21
4480 5101 1 14 109
696 9139 1 13 63
4748 1173 1 19 103
970 4459 1 8 82
11201 2750 1 1 11
3148 2864 1 7 78
8686 9211 2 8 57
2977 10512 1 4 36
6923 11127 2 4 52
8067 3608 2 10 140
1270 2053 1 8 73
5812 6286 1 7 94
10859 2599 1 8 115
6259 9722 1 68 186
6190 1270 1 3 33
5692 1853 1 7 103
8603 8850 1 3 37
9496 6358 1 4 43
10458 11196 1 4 42
7887 166 1 14 200
562 815 1 28 160
5699 5962 1 9 130
1532 5944 1 59 380
544 784 1 4 68
4350 7705 2 9 112
1636 5996 1 10 72
7442 2549 1 79 363
5158 8816 1 1 27
6910 11048 1 14 113
3889 4173 1 19 270
2658 7016 1 16 123
8672 878 2 18 25
6280 1384 2 1 10
9406 6295 2 8 103
5984 9641 1 47 640
1724 9930 1 24 132
9173 333 2 15 110
5996 9652 1 9 63
9147 4522 1 1 21
4983 542 1 14 79
2095 1310 1 2 30
8452 5258 1 12 42
10167 1335 1 1 20
512 9284 1 2 11
1587 9803 2 1 3
3473 4189 2 1 16
11116 6472 1 11 128
2893 6761 1 24 173
3224 2441 2 51 716
4826 5096 2 26 218
3221 6577 2 19 132
10389 11129 2 1 19
6591 3311 1 10 113
5559 10246 1 13 101
7679 4307 1 17 79
8908 640 1 22 102
3000 10665 2 9 93
9876 1661 1 15 91
6099 1811 2 1 12
10876 2701 1 4 52
8367 5283 2 6 36
1168 4666 1 1 11
6489 3267 2 10 41
1498 6329 1 31 190
5706 9917 1 9 109
2763 3090 2 6 83
8552 1177 1 2 33
10861 10675 1 13 115
37 7860 1 1 9
957 667 1 44 197
7016 2738 1 12 141
4137 3803 2 19 235
6538 7207 2 23 160
8797 8982 1 15 158
10710 7012 1 32 154
10675 6960 2 15 102
9898 9557 1 4 52
7548 8284 1 21 118
8381 1100 1 4 34
10044 5799 2 2 31
10081 1354 1 17 96
6805 6970 1 4 64
6925 10980 1 10 130
2872 11001 1 15 116
11237 6681 2 4 62
10153 5486 1 61 335
10564 11229 1 11 76
9834 9658 2 26 216
9801 9932 1 28 211
2437 7253 1 40 560
2242 9520 1 5 41
4954 630 1 2 33
215 7903 1 94 830
1130 512 1 15 221
1463 6363 1 8 64
2181 5441 1 18 95
10129 5490 1 27 104
1384 6183 1 1 15
1275 10181 1 12 82
9899 1567 2 4 40
2127 1327 1 15 106
8971 8784 1 85 118
1997 5848 2 4 62
2334 5542 1 6 69
9936 5667 1 39 334
85 3872 2 15 120
1978 5699 1 8 56
821 4841 2 18 147
1089 8540 1 11 112
7129 10639 1 33 122
9028 4781 1 18 186
1649 10041 1 18 253
2767 6989 1 13 184
5631 10167 1 4 48
6363 1333 1 13 161
805 8711 1 7 35
10028 5771 1 30 224
169 3681 1 16 152
371 1224 1 1 9
5308 4446 1 4 35
11173 10559 1 38 173
11226 6464 1 9 84
9284 8394 1 1 16
9686 9826 1 10 107
4371 3489 2 16 121
275 9216 1 21 120
9494 10162 2 1 15
450 5213 1 6 88
8763 859 1 10 143
1093 8529 2 2 29
6730 7140 1 8 62
1901 9783 1 14 70
1586 1952 2 16 66
9890 5909 1 12 88
358 5389 2 3 19
4480 5408 1 25 101
1592 9948 1 31 246
10242 1276 1 3 41
8952 8603 1 7 95
1644 2030 1 3 36
6363 1376 1 22 307
1069 400 2 19 167
7470 6514 1 31 126
4745 9045 2 8 63
4189 7673 2 7 51
5822 9826 1 23 237
9288 359 1 8 58
11317 6464 2 4 28
8937 4745 1 27 299
3422 4353 1 9 65
1919 9701 1 16 71
5589 2196 1 21 191
5937 5863 2 3 40
540 5145 1 1 7
8514 5288 2 2 24
8738 869 1 7 89
6946 7027 1 13 135
1125 8505 1 6 43
878 8760 2 29 300
2380 3376 1 4 60
9247 4539 2 4 58
11346 2386 1 26 218
593 8959 1 6 60
5208 475 2 3 16
2919 10846 1 17 243
8962 4748 2 4 55
10512 7319 1 6 89
7065 2806 1 14 78
10485 11200 1 7 92
1263 6398 1 12 95
3719 223 1 167 233
11009 2681 1 3 53
8120 7875 1 95 459
9575 2055 1 3 46
11022 6779 2 3 42
7072 2767 1 44 402
10910 6909 1 2 26
344 9247 1 9 135
8850 4873 1 5 58
962 8616 1 7 94
2893 2849 1 9 64
8394 1159 2 26 116
2617 3123 2 1 16
1944 5812 1 2 28
1903 1745 1 19 136
9014 567 1 8 112
636 5073 1 7 106
9145 8514 1 3 38
6233 9495 1 11 93
2542 7267 1 16 161
6730 7170 1 8 65
5292 4556 1 18 28
2472 3281 1 21 299
2385 3356 1 5 81
10028 9580 1 7 81
2203 5543 1 8 65
677 878 1 19 179
8161 8957 1 7 100
8873 3970 2 6 41
3886 4903 1 27 41
1345 6536 1 8 98
3321 6333 1 13 177
9946 11002 1 32 294
8250 9048 1 13 134
8094 8905 1 5 61
6881 5855 1 8 62
8705 7875 2 37 148
8907 100 1 12 89
8294 9166 2 1 10
4330 1159 1 14 164
694 7911 2 4 29
2238 11258 2 2 31
10203 3288 1 6 32
5524 10450 1 14 65
1513 10568 1 2 30
8961 4052 1 12 146
4352 9270 1 17 78
10580 1498 1 32 236
188 8970 1 10 65
3970 819 2 3 30
5801 2763 2 10 98
6540 1327 1 4 48
253 9213 2 22 185
3460 301 1 52 217
3906 763 1 13 88
8267 9155 1 2 21
7103 6061 1 18 214
2697 9629 2 1 21
9960 3088 1 40 155
7326 10163 1 19 187
9175 8269 1 24 136
7909 4810 1 8 86
8033 8873 1 7 89
6432 1296 1 13 182
4726 7757 1 7 70
4576 3593 1 7 72
2647 9557 1 7 85
9983 3039 1 45 458
3267 2158 1 2 20
3703 534 1 8 72
8284 1114 1 7 67
6577 1337 2 1 17
941 240 1 2 24
5579 2494 2 1 22
7963 761 1 2 17
2323 11291 2 12 103
3260 10163 2 7 85
10169 3232 1 6 55
4983 3937 1 10 134
8713 7909 1 3 43
4681 7805 1 11 100
1918 2988 1 18 197
9426 10414 2 1 6
5808 2830 2 7 68
5262 4201 2 1 8
8985 4168 1 2 14
4361 5312 1 39 55
11004 2038 1 12 171
4184 9139 1 42 216
1706 2842 2 2 12
5122 4043 1 1 16
6867 1817 2 4 45
3970 5039 1 3 32
10837 5821 1 5 65
4666 7679 1 7 73
3055 10009 2 6 85
1152 4383 2 17 156
1458 10580 1 18 163
3543 462 2 11 120
8142 957 1 10 92
8133 818 1 8 73
4402 1186 1 5 79
10814 1689 2 1 13
11115 2132 1 5 77
9706 2873 2 2 22
2041 7134 2 44 122
1633 10607 1 15 101
6368 11229 1 7 82
11189 6232 1 11 79
3790 4726 1 35 245
150 957 1 28 131
9234 4414 1 9 138
2788 9794 2 23 111
5497 6478 1 3 18
2375 1333 1 7 95
7135 2034 1 9 129
11110 10181 1 2 25
6875 5875 1 29 118
8366 3481 1 8 72
5443 2468 2 10 145
4473 7570 1 54 96
1428 2581 2 1 21
11306 10247 1 4 59
6946 5793 2 30 309
9398 10386 2 5 34
10514 5611 2 8 107
4246 1073 1 13 110
4088 5137 1 34 157
5632 2448 1 2 29
9219 4209 1 16 123
3381 10169 1 18 113
2454 5631 1 9 35
222 8902 2 19 197
11202 2331 1 4 64
2795 1576 1 30 173
853 4134 2 20 244
157 808 1 8 67
2468 1528 1 19 236
7212 10207 1 10 78
1337 10531 2 1 20
8902 199 2 5 69
4522 7746 1 6 74
11129 10214 2 5 63
2375 1463 1 41 162
11322 10189 2 5 72
8680 7970 2 1 4
10688 1815 1 6 86
2432 5611 2 12 172
10153 11317 2 21 296
5077 3936 1 16 233
7946 8635 2 9 53
8497 3460 1 20 180
10132 7371 1 10 113
2699 9746 1 11 159
9139 4376 1 2 34
10876 6102 2 1 22
2578 5497 1 13 136
9616 2780 1 4 44
2637 1686 1 5 46
3797 744 1 22 189
2111 7337 1 5 64
7212 6337 1 38 170
4582 3466 2 5 43
2846 9624 1 7 101
11197 6360 2 1 6
7848 4870 1 3 45
1963 10896 1 1 7
4538 7692 1 4 40
5145 4021 1 2 36
6367 3274 1 6 45
7449 10156 1 5 62
8553 7573 2 2 29
9270 4287 1 7 98
2795 5672 1 25 84
2792 9575 1 48 438
4556 7537 1 5 41
4075 4962 1 66 92
994 3989 1 37 262
7594 485 2 8 102
562 7972 2 9 97
7478 6233 1 1 5
1572 2846 1 10 121
5304 8256 1 3 48
6375 11118 1 17 174
6989 10020 2 61 364
10774 1659 1 4 27
6551 5571 1 9 106
10213 3218 1 4 52
5805 2703 1 10 123
3677 8784 1 17 217
4055 8903 1 3 30
11305 2096 1 9 138
7600 4608 1 9 117
6183 11297 2 6 20
8746 7843 1 6 60
3632 4432 1 16 118
7042 1961 1 4 39
7844 8752 1 3 34
8616 3881 1 30 244
2242 7326 1 6 92
7633 4485 1 74 151
4617 3430 1 12 68
2199 7377 1 37 480
4191 9268 1 5 75
3430 472 1 9 110
2827 5673 1 6 88
2741 5821 2 11 122
4931 3704 1 4 61
6369 11115 1 9 119
10814 5664 1 25 347
10300 11116 1 30 253
9930 7045 1 18 130
5054 4010 1 5 69
10715 5822 1 7 57
1813 2627 1 3 20
3970 963 2 1 12
9403 10528 2 1 16
1310 2556 1 22 193
4643 3413 1 10 97
7377 10153 1 46 359
3376 2071 1 38 485
7271 6328 1 150 208
4376 1073 1 8 112
10334 3173 1 19 136
6805 9686 1 3 35
8104 8985 1 1 12
9747 2637 1 2 22
4483 7664 2 15 131
10538 5482 2 34 229
10085 3401 1 15 114
2738 9687 1 9 126
4582 3509 1 100 585
975 8025 1 5 47
7869 675 1 7 60
6676 9335 1 12 173
997 13 1 106 147
9396 2516 2 11 97
6262 3321 1 19 206
1730 2517 1 1 1
6845 9462 1 7 32
4082 5347 1 22 98
9907 3260 2 7 80
7646 8735 1 1 18
5265 85 2 29 268
9891 3232 2 8 79
5145 4365 1 18 184
10388 1576 1 8 112
240 5421 1 5 78
9344 10599 1 2 22
6961 2089 1 14 161
1173 4077 1 29 197
2030 3347 1 2 20
10680 5496 2 5 82
10111 7027 1 14 124
10172 3014 1 3 42
8715 3594 2 28 167
7092 6328 1 4 21
5184 40 1 6 70
2499 9727 1 6 83
10213 7117 1 2 32
10785 1414 1 2 34
2053 7442 1 3 45
6811 9386 1 48 145
163 1174 1 3 50
5670 10381 1 22 197
4135 1238 1 4 49
5462 6717 1 162 317
4502 3783 1 26 139
5554 6868 2 4 18
3735 4538 1 49 366
5344 167 1 6 91
11347 6111 1 19 132
5067 4373 1 2 29
1595 2461 1 9 118
6989 2159 2 8 86
7855 310 1 4 54
4165 1174 1 12 81
7764 333 1 4 54
7253 1934 2 1 8
7068 10108 2 9 56
8763 7625 2 15 151
3791 321 2 44 202
6717 1345 1 1 21
1089 3951 1 11 91
5283 41 2 4 60
10551 1706 2 51 137
10455 1572 1 1 16
57 5279 1 7 51
10607 9398 2 2 35
10375 1613 1 4 48
1901 11123 2 14 153
4058 9274 1 16 230
9232 4173 1 17 237
6089 7474 2 12 52
1813 2514 2 16 191
9779 10514 2 5 69
8256 805 1 8 83
1152 204 1 10 110
11256 6172 1 12 106
6061 3386 1 39 289
1673 6455 1 20 93
4566 3906 1 8 80
6779 1306 2 15 134
3872 4604 2 35 162
6579 1804 2 11 148
7161 2259 2 32 93
5279 3939 1 10 148
1934 7208 1 3 17
324 7825 1 18 140
6897 1458 1 17 128
1942 7229 1 2 29
1123 10 1 31 193
1229 4058 1 29 230
11305 9959 1 10 87
9323 10711 1 11 101
9681 6676 1 8 58
7169 2242 1 19 266
5328 4158 1 12 110
9658 6462 1 29 216
8121 1026 1 8 51
1326 6762 1 10 102
9219 4138 1 35 83
2030 11258 2 11 124
455 7935 1 6 33
6540 1574 2 4 33
11328 9901 1 48 132
9033 8308 1 6 85
675 3417 1 10 71
3939 5311 1 12 129
1376 10846 1 3 26
10232 6989 2 9 126
7470 9914 1 21 297
7092 10085 1 7 81
1716 10389 2 3 42
8016 5305 1 1 15
3719 455 1 8 71
4414 5043 1 20 243
7672 4735 1 10 91
9845 7377 1 74 396
3669 385 1 9 107
9186 8251 2 62 87
5542 10837 1 22 107
1961 7217 1 4 36
5147 8269 1 3 34
2873 1353 1 6 65
4703 3543 2 4 61
9270 3995 2 6 79
10019 3201 2 1 15
1041 4097 2 7 75
2834 1330 2 17 89
1697 10361 2 11 92
7855 4661 2 4 61
3942 5313 1 14 105
8511 7770 1 83 329
8361 7873 2 1 4
3753 8563 2 9 53
4627 7865 1 1 15
3608 8672 2 24 107
10175 7156 1 1 8
1574 10480 1 13 168
9709 10358 1 9 81
2891 10246 1 30 201
6207 7130 2 7 40
5611 2741 1 17 239
3886 4495 1 1 15
8267 5177 1 7 25
6811 9519 2 41 220
9751 2468 2 34 185
7367 5948 1 10 148
10980 10120 1 10 62
3960 9219 1 49 211
9352 10825 1 5 53
3848 375 1 9 79
5253 163 1 18 146
26 9295 1 5 76
4604 3797 2 22 235
2644 1502 1 25 161
5520 10767 2 10 89
472 7753 1 3 38
9315 8059 1 5 73
8001 9274 1 52 72
7887 8413 1 6 68
4312 841 1 2 28
9228 8095 1 2 35
1425 2691 1 8 72
6961 6379 1 15 217
667 7575 1 5 24
9700 6522 1 10 116
1100 152 1 3 25
10970 2242 1 7 61
1276 10798 1 8 88
3628 8577 2 7 10
1952 11182 1 16 98
8712 7570 2 1 12
5676 10538 1 27 213
7694 544 1 33 214
3270 6092 1 8 65
1410 6820 2 10 61
5341 73 1 17 95
2846 9326 1 18 160
4823 7606 1 28 401
10269 7045 1 6 65
4616 3702 1 6 61
5473 6901 1 5 60
1459 10680 1 15 152
1277 10845 1 13 84
9213 4027 2 64 90
11347 9827 1 7 96
9609 10556 2 1 8
9221 140 1 2 16
11083 2099 2 6 52
9822 11347 1 21 120
1581 6639 1 12 94
3030 10175 1 2 33
7045 6351 1 10 77
2568 1592 1 5 34
2059 11108 2 9 113
3153 2059 2 7 63
4355 8872 1 3 45
1754 2385 1 49 68
6376 2917 2 5 39
6543 1723 1 23 254
10821 1297 1 6 93
2761 9426 1 4 65
3356 5979 1 6 75
5328 104 1 19 190
2910 2308 1 2 30
2557 1586 2 4 50
2804 9396 1 3 32
7234 5679 1 16 194
7474 9794 2 11 146
140 8457 1 34 273
4312 4816 1 17 159
8405 4003 1 8 55
854 3496 1 11 156
7673 8990 2 7 90
240 513 1 6 86
6739 6208 2 13 108
2167 10691 1 11 40
49 293 2 4 44
9923 10485 1 20 186
2243 10757 2 2 28
418 150 1 70 182
6538 9876 1 8 87
3543 8961 1 9 130
8095 4485 1 9 138
10218 6847 2 22 121
6543 5988 1 7 94
11308 1761 1 1 12
3189 5706 1 20 231
8711 253 1 6 89
11305 9750 1 12 151
9580 3148 1 5 67
3881 9319 1 17 211
9747 7459 1 4 61
7558 5029 1 39 287
7675 5067 1 16 118
9665 11182 2 7 64
7628 8971 1 15 190
6083 2530 2 5 69
10623 10132 1 2 38
3413 8851 1 15 69
10490 6111 1 16 112
11148 5680 2 22 315
10554 10062 1 17 236
1723 11220 1 20 159
9093 3689 1 3 21
4251 8680 2 1 3
3240 5776 1 4 50
3764 9175 1 20 198
3803 5354 2 1 19
9630 3270 1 2 7
6409 6903 1 4 7
6397 2834 2 10 105
9895 6551 2 6 47
7266 9554 1 8 75
8284 630 2 12 107
7856 1090 2 3 51
776 4349 2 16 44
7860 1061 1 19 129
6734 10169 2 69 96
41 359 2 11 94
10713 2119 1 6 41
10103 10684 2 4 47
7024 9431 2 4 61
9986 6688 1 4 61
10041 6609 1 9 129
11297 5801 2 11 105
5490 10861 1 6 60
7318 9616 1 5 67
468 4050 1 11 15
7377 5917 1 88 288
5146 7625 1 3 43
2515 10024 1 9 128
6463 9877 1 14 167
9330 10936 1 2 41
6379 10741 1 10 125
10767 2331 2 42 214
10390 9911 1 16 93
822 3515 2 5 77
1625 7217 1 16 83
4816 4365 1 4 62
786 7578 2 1 18
10129 10675 2 5 59
3029 1513 1 13 144
8440 8003 1 1 19
2259 10812 2 14 118
4475 8104 1 2 18
7753 1111 1 43 63
4202 640 1 20 173
3450 8907 1 1 11
9862 6516 1 10 60
5691 3224 2 5 82
5673 11189 2 6 29
3517 8838 2 5 54
8452 8005 2 5 73
9643 7235 2 9 109
7263 1613 1 58 240
7472 1659 1 9 127
7923 1069 2 132 292
9827 10490 1 15 160
11256 5690 1 11 63
5600 7042 1 3 34
3321 5688 1 5 26
2741 2317 1 11 161
8437 4168 2 16 68
4426 157 1 2 22
10205 6717 1 2 26
7303 5912 2 9 77
6868 6210 1 16 78
6967 1410 2 8 74
7254 1730 2 5 52
7909 1064 1 14 109
5164 7607 2 16 232
8816 4274 2 5 59
6064 10366 1 8 40
154 8366 2 6 87
4660 88 1 8 117
4330 4690 1 12 135
6830 6376 2 4 65
4106 4444 2 1 2
3783 1193 1 16 43
970 3522 1 11 65
1311 11006 1 11 156
9319 7827 1 5 63
9284 3791 1 23 104
6135 6577 1 7 56
11220 1585 1 8 47
10856 6264 1 14 135
4865 4282 1 21 192
6488 9923 1 8 111
10211 6754 1 36 62
4460 8161 1 8 91
7337 9616 1 3 39
2111 2780 1 12 62
4097 4434 2 4 62
4363 8682 1 8 96
9877 6680 1 12 69
3727 9204 2 18 213
7131 9344 1 7 41
8003 4609 1 3 45
1494 2988 1 4 41
5828 3156 1 1 22
3347 5784 1 15 167
9668 3339 2 11 136
3011 1463 1 53 231
5589 7083 1 62 147
5398 3691 1 3 37
3392 5708 2 3 45
2441 6095 2 3 30
5531 7135 1 22 77
7594 917 1 1 19
2249 2739 1 2 3
2806 10194 1 2 32
898 7580 1 9 105
6235 6928 1 2 31
6478 10062 1 15 189
3975 496 2 6 58
6522 1962 2 21 125
2701 10201 1 16 117
484 7999 2 8 26
7113 9423 1 15 95
11217 1625 1 1 15
6524 6076 2 1 12
9870 2494 2 1 20
2115 2872 1 50 224
9722 7319 1 217 302
6333 10710 1 34 68
11172 1702 2 4 52
489 8063 1 10 103
4189 763 1 21 244
1209 3719 1 2 26
2660 2296 1 7 103
1090 3848 2 15 176
2417 1978 1 6 59
11006 9423 1 19 215
6264 10785 1 7 75
5137 3470 1 1 6
5569 3002 1 14 192
5208 3907 1 4 24
2370 10000 1 32 107
7407 5687 2 8 11
2306 6705 1 10 108
11123 1802 1 18 131
6286 2776 1 3 55
6766 10300 1 29 123
7692 8875 2 5 29
9803 6681 2 27 359
2827 6232 1 1 24
2693 2258 1 39 345
4646 8033 1 4 65
11001 5528 1 46 336
1699 11208 1 7 88
8261 8746 1 97 138
5662 7478 1 9 89
9580 11327 2 38 74
403 4027 1 45 273
8742 8269 1 15 124
5815 11196 1 7 92
10169 10751 1 234 325
2263 6636 1 2 39
5522 7307 2 11 164
7083 9669 1 7 93
8025 544 1 1 17
1296 11131 1 9 103
10163 2422 2 5 60
10568 2321 1 23 250
10955 1680 1 1 12
3002 9674 1 29 416
5848 3101 2 2 27
5301 7600 1 6 88
6208 10388 2 6 63
1306 11131 2 2 34
5496 11167 2 14 48
623 8095 2 2 38
3575 5357 1 11 97
6262 10409 1 38 297
5520 11202 2 29 197
1164 7673 2 15 210
7653 5362 1 4 56
9042 3882 2 8 109
776 237 2 13 62
3059 1745 1 7 86
8917 3797 1 12 28
7871 5077 1 23 191
3259 9421 1 2 32
542 3937 1 13 181
5943 6712 1 27 76
5122 3885 1 9 122
2121 10363 2 12 166
6536 6295 1 5 50
9701 11031 1 1 9
7968 5180 1 16 173
6329 6579 1 11 151
6611 10213 1 1 15
5528 3218 1 25 322
6376 6688 1 17 118
1036 3422 2 4 39
10564 6368 2 4 50
1466 3382 1 9 132
3624 9319 2 9 68
9930 2787 1 17 238
6475 10081 1 12 73
6464 2115 1 43 358
3593 1130 1 3 53
1600 10861 1 5 75
9530 11306 2 1 13
1962 10767 2 1 24
2386 2071 2 59 541
10863 1592 1 9 120
375 8267 1 8 17
5579 3304 2 10 40
6960 1600 1 8 119
5912 11054 1 14 123
6091 2771 2 3 24
2910 5752 1 16 121
7442 5567 1 5 69
2618 9876 1 25 293
9905 6744 1 15 100
9197 3470 1 4 57
5992 2603 1 25 264
9462 11304 1 4 50
5812 7169 2 5 45
3681 859 2 6 47
6978 1633 1 1 20
5793 3099 2 1 15
8905 7777 1 38 399
3052 5864 2 1 5
5725 3002 1 3 29
3341 9457 1 22 170
5866 3055 1 9 97
10845 9983 1 18 181
3015 5707 1 22 119
7662 1227 1 29 110
3669 841 1 19 223
599 8003 1 13 173
9907 10630 1 17 87
6397 2517 1 8 92
7972 8982 1 20 205
2521 2310 1 4 55
211 4826 2 158 220
3260 5481 1 10 99
7677 1231 1 17 99
5506 3153 2 9 72
1177 3636 1 20 54
3319 5645 1 15 198
3455 1111 1 9 106
10933 9566 1 31 436
9813 2697 1 13 137
9656 10864 1 12 137
4601 4370 2 19 208
10189 6458 2 2 27
7757 8917 1 7 104
7493 9180 1 5 70
2158 6489 1 1 21
240 686 1 55 338
3803 997 1 53 197
1162 3628 2 2 28
5354 3608 2 9 134
4006 8612 1 7 103
5707 7037 1 10 81
2505 6379 1 2 22
7230 1354 1 22 85
5533 11110 1 16 23
4666 4307 1 2 19
7140 5850 1 13 169
3664 5043 1 11 157
2735 2059 2 4 54
4236 8511 1 3 43
1270 3285 1 48 67
7706 1093 2 9 138
10296 6504 2 16 182
6748 6091 2 1 5
2247 10399 2 6 84
2287 6544 2 1 2
10246 2380 1 3 43
1345 11308 1 3 30
7134 5691 2 69 346
10684 2017 2 96 251
2375 2255 1 6 96
6724 9936 1 55 590
3481 9288 1 25 85
5680 3030 1 1 15
7069 1815 1 68 485
626 199 1 9 128
5850 2984 1 10 60
4030 753 1 9 109
5687 7141 2 1 19
3319 5482 1 8 111
9150 7702 1 15 125
1010 7653 1 6 94
9652 11048 1 48 67
3648 9154 1 4 60
2739 2034 1 17 74
1721 10859 2 12 151
11258 9330 1 19 51
10858 1724 1 25 176
4708 8180 1 15 61
2548 10172 1 1 15
677 8067 2 10 152
1123 3615 1 4 57
4410 4483 1 15 105
1384 11297 2 2 15
5398 7594 2 5 61
6928 9890 1 61 163
2505 2089 1 33 280
9147 7746 1 22 87
9398 11328 1 6 74
8456 4355 1 2 30
3801 833 1 39 162
1502 3240 1 20 97
11047 1684 2 13 154
6289 10549 2 5 38
2321 6527 1 1 7
9960 10623 1 5 71
4133 4776 1 7 42
861 3885 2 3 40
3978 776 2 5 52
199 4681 1 19 198
10232 2437 1 14 39
4347 4426 1 8 111
7999 4872 2 7 77
2048 6733 1 4 38
7607 5372 2 12 39
6351 2460 1 12 171
5301 7671 1 4 53
7493 5388 1 15 213
10514 6294 1 7 76
10785 9914 1 35 152
1041 7724 2 23 99
6422 2385 1 21 217
866 3811 1 2 22
10167 10513 1 8 37
7625 5266 1 42 91
6475 6418 1 6 75
6398 6485 1 14 127
1434 11204 1 9 103
5595 7229 1 5 44
4505 4312 1 4 58
5752 7092 1 3 45
7935 807 2 14 94
40 4931 1 12 178
6328 2472 1 4 59
4702 8202 1 12 164
2127 10564 1 2 19
1410 3217 2 3 25
10803 9822 1 5 73
11116 5645 2 11 99
2804 6009 2 16 201
5554 11198 2 16 103
4776 8148 1 6 80
11199 5554 2 4 56
4601 4265 1 5 78
9635 3088 1 8 116
10381 6369 2 6 56
10304 2394 2 4 42
3470 9280 1 4 59
6573 6315 1 8 60
11108 9530 2 6 43
4708 237 2 6 96
5441 7478 1 14 177
9361 11305 1 12 59
4932 8010 2 1 12
6455 2317 1 6 55
2988 5815 1 65 331
10358 275 1 20 108
2099 4202 2 4 46
8682 2738 1 11 91
8752 6875 1 1 7
9209 3309 1 8 79
9216 3281 1 8 75
6504 4499 1 2 15
6903 731 1 2 8
3782 1673 1 9 85
9923 163 1 10 95
5962 3974 1 5 80
4475 6462 2 11 161
5996 122 1 35 193
10489 8505 1 14 174
6461 318 1 12 148
1567 3727 2 8 105
2632 4735 1 4 51
8251 2034 2 21 88
204 10041 1 13 93
1724 7871 1 21 125
11208 1089 1 16 182
4173 2026 1 66 379
6964 4968 1 10 85
1069 7227 1 20 160
4184 2111 1 4 44
10203 4330 1 19 192
2617 4722 1 3 23
5805 3854 1 13 186
1574 7764 1 9 137
5303 7383 1 1 1
284 2366 1 6 68
10862 8872 2 10 19
10441 4495 1 3 32
4851 6835 1 35 225
990 11039 2 3 52
10679 636 1 7 107
7507 1291 1 15 130
5247 3270 2 4 51
9155 3259 1 5 50
5213 11112 1 8 52
237 6135 1 15 121
3636 1491 1 26 118
7856 1625 1 3 33
8760 2750 1 2 24
4627 2581 1 5 32
1229 7427 1 43 79
9154 11117 1 14 194
395 6646 1 53 175
9629 3664 2 10 148
4350 10201 1 6 38
4090 6171 1 6 26
10630 8669 1 8 45
10060 4102 1 4 43
10429 4451 1 17 222
8104 9834 1 11 153
5944 4006 1 9 40
6636 4556 1 13 173
971 11022 2 6 71
1376 7549 1 8 74
1350 7506 2 9 87
4939 7042 1 5 48
3221 9079 2 9 77
3594 9523 1 6 33
3642 5589 1 20 84
4857 10837 1 2 38
6370 4317 2 32 201
2026 4048 2 1 6
6597 475 1 12 133
7668 5632 1 13 97
153 10009 1 7 101
8540 10482 1 10 116
10801 4823 1 71 781
7972 9724 2 13 93
171 10068 1 11 166
11229 1199 1 22 214
6715 596 1 1 14
6504 4451 1 10 150
7170 5052 2 49 77
7073 821 1 4 34
5964 8077 2 5 51
4135 1997 1 10 142
13 1928 1 7 108
6146 4100 1 17 114
542 2735 1 28 84
10863 867 1 8 113
7303 1019 1 1 14
8804 6847 1 13 133
7045 818 1 8 39
1199 7391 2 2 26
10639 610 2 1 15
10465 8335 1 2 17
6923 4828 1 26 207
773 6828 1 4 60
3907 1666 1 1 10
5140 2974 1 84 147
7956 5737 1 118 204
8010 9921 1 14 174
3612 9386 1 9 95
1576 7901 1 6 73
2726 8804 1 9 78
815 7115 1 28 81
8142 9813 1 29 190
10020 4003 1 16 89
9808 152 1 22 66
4926 2729 1 2 12
2603 677 1 9 107
3628 9403 2 5 72
5679 7887 1 11 119
6522 4616 2 98 267
9257 7254 2 2 34
7705 1326 1 7 40
10862 5076 1 6 60
5912 7844 1 9 102
4743 10812 1 17 154
8121 6180 1 1 9
3072 815 1 15 32
11031 821 1 2 32
3352 1103 2 8 48
7024 917 1 8 123
10711 8804 1 20 230
5567 7552 1 12 78
5076 10910 1 79 841
4614 10441 1 27 289
5349 3153 2 4 22
2849 8632 1 13 145
10684 4932 2 48 301
825 11004 1 1 14
7848 5848 2 5 39
11083 8908 1 19 161
6723 4851 1 4 43
4535 2547 1 2 22
9457 3473 2 7 75
8487 6472 1 17 120
4349 10185 1 8 60
3811 9590 1 26 37
10174 4367 2 1 4
3466 9454 2 3 50
7901 5672 1 12 172
1107 3358 1 9 73
5530 7707 1 13 185
744 10692 1 10 115
7217 1168 1 3 41
9980 14 1 1 12
4376 10178 1 6 66
4240 2334 1 11 157
7687 5536 1 19 241
7889 5695 2 4 51
3702 9700 1 24 224
7763 5828 1 1 14
11127 5340 2 6 78
7117 8917 1 3 31
5389 3156 1 7 104
6868 8682 1 3 49
9687 7821 1 6 53
5073 2984 1 6 58
7580 1425 1 8 46
10083 4348 1 6 83
8585 10821 1 3 42
1226 3192 1 6 96
8995 6967 2 17 134
1587 7970 2 12 90
2780 4754 1 1 12
7552 9534 1 5 45
3218 9221 1 25 237
4446 10537 1 37 329
3269 5341 1 21 90
11198 9257 2 75 277
4515 2516 1 2 29
1354 7672 1 11 97
1077 11237 2 1 12
10156 4308 1 6 86
7553 1425 1 5 43
8077 6081 2 14 74
8230 9862 1 4 26
6581 358 2 15 117
9970 3990 1 10 74
4083 5998 1 18 257
9234 11173 2 31 250
9470 3489 1 4 67
3014 8952 1 10 65
6538 4601 2 7 106
2741 8713 1 6 57
7911 9621 1 40 131
11326 9066 1 10 100
9108 3341 2 18 62
5047 3029 1 16 161
8683 10733 2 12 118
4099 1901 1 9 104
5672 3886 1 14 161
7371 5258 1 69 151
2514 8410 1 15 122
3442 5617 1 9 59
3624 1777 1 2 41
7055 1100 1 3 45
2514 694 2 39 186
599 6510 2 2 29
3528 1666 1 21 261
3489 9621 2 47 524
341 10680 2 10 71
9674 3522 1 18 87
88 2159 1 16 146
4449 2627 1 1 15
4658 2846 1 26 280
7863 5536 1 11 52
6597 8721 1 13 127
3466 1585 1 2 37
1053 10914 1 2 30
4872 10551 2 14 115
7605 9641 1 33 209
318 6730 1 14 145
1297 3727 1 76 106
222 2274 2 110 336
10489 4816 1 2 35
1773 7695 1 13 121
1559 7542 1 38 333
1708 3600 1 5 51
1466 3889 2 2 27
9751 3640 2 15 209
3045 9258 1 8 19
7511 5725 1 3 30
5737 3528 1 2 36
6977 5231 1 8 40
6634 8712 1 8 82
3030 1164 2 3 27
4430 6733 1 9 98
7128 5303 1 1 7
5265 7078 1 18 141
11112 4968 1 4 61
485 6923 2 11 158
3 2121 1 9 75
3663 5486 1 30 200
5213 2910 1 4 60
3978 10185 1 5 57
1073 10863 1 19 83
6014 8294 1 27 171
4810 10514 1 7 84
3195 792 2 1 21
2555 4912 1 15 166
2660 4425 2 9 79
4968 7234 1 16 127
4265 1928 1 11 119
7963 9530 1 4 43
169 10242 2 21 217
4317 6142 1 10 151
2607 4483 2 38 153
6061 4361 1 18 260
9117 10955 1 34 79
122 2109 1 4 47
10795 403 1 32 223
11304 5073 1 40 163
8712 2567 1 5 58
7072 1069 2 22 268
8410 2603 1 58 260
6828 302 1 23 70
4873 10490 1 19 93
2353 4760 2 11 141
686 10537 2 8 87
11291 912 2 13 49
1588 7593 1 27 308
1010 2981 1 55 133
10162 3 1 42 107
8937 3376 1 11 20
2767 4660 1 9 127
10909 5272 1 11 119
8424 2607 2 4 35
9483 7968 1 35 144
9344 7841 2 2 17
9518 3842 1 2 25
4982 3240 1 10 100
2649 4480 1 19 118
7471 8957 1 4 58
8967 3363 1 11 152
11087 1134 1 2 40
3496 5692 1 10 69
4902 6611 1 20 153
5022 7248 1 28 202
8625 2417 1 8 93
3825 1514 1 4 67
5688 3500 1 18 177
4954 7307 1 38 184
4236 9865 1 9 33
2978 1053 1 12 100
7459 902 1 8 56
544 2448 1 17 209
2549 4849 1 7 99
4661 2761 1 6 66
11346 8937 1 1 16
9579 3552 1 12 67
10441 4903 1 1 7
9643 7724 2 7 55
1666 3648 2 12 115
5161 3260 1 33 322
6909 4505 1 1 6
10480 527 1 1 10
11117 8962 1 26 215
11336 870 1 4 52
1130 6971 1 9 71
9039 11196 1 18 146
5691 3594 2 1 21
727 2422 1 7 104
5988 4384 2 8 99
6676 635 1 44 134
10623 395 1 58 120
8016 2243 2 1 20
14 2243 1 3 28
2886 5344 1 34 48
3937 6333 1 75 138
941 11189 1 19 218
1902 4395 1 7 89
9282 3000 2 99 137
5675 7668 1 5 60
1434 3669 1 12 170
2891 9232 1 6 70
3717 5567 2 32 45
7702 9668 2 2 31
2699 489 1 12 102
2416 4926 1 2 34
4077 2087 1 17 103
10554 8669 2 6 61
10914 9209 1 8 114
3413 9726 1 12 165
744 2454 1 11 80
2631 444 1 31 398
3381 853 2 30 322
5305 10910 1 5 33
5322 7012 1 10 145
2398 667 1 2 21
385 6754 1 8 112
5340 6991 2 9 92
8796 6538 1 6 67
223 10096 1 1 26
635 10509 2 4 52
8133 6351 1 4 45
895 7271 1 12 171
2448 8739 1 11 52
9421 3848 1 8 91
2855 8367 2 4 61
4903 6478 1 6 66
3753 1428 2 7 65
1463 3790 2 4 31
11048 5184 1 9 135
10717 453 2 18 174
4030 10270 1 7 85
596 6581 2 13 140
3473 1808 1 62 87
6333 135 1 36 276
2803 4515 1 22 74
2627 467 1 1 11
9917 4330 1 4 47
2726 4608 1 31 90
7692 5680 1 1 7
7427 792 1 12 131
10108 4165 2 3 4
10912 1229 1 14 94
4446 2827 1 2 23
6970 5394 2 1 17
10812 8331 1 6 79
4818 2416 1 14 97
3201 8956 1 30 136
9534 3717 1 56 78
4075 2196 1 4 57
7248 9042 1 11 68
3285 854 1 12 155
4251 6091 2 10 125
10062 4209 1 14 159
3037 9186 2 1 11
6014 4345 1 74 169
7694 1581 1 18 263
3970 6386 1 7 48
4137 6235 1 4 35
1168 10933 1 11 68
489 2613 1 9 110
1592 3632 1 63 87
2988 5311 1 24 160
2599 544 1 32 130
3288 5029 1 2 25
11110 5181 1 21 115
9274 10912 1 8 94
2306 26 1 19 101
10480 8690 2 5 59
10388 746 2 7 63
7843 5559 1 4 29
5664 7743 1 7 84
8596 10554 2 15 144
8929 11217 1 10 95
347 10766 2 10 19
8459 2733 1 11 86
3407 4939 1 6 57
6591 4781 1 5 60
2787 8413 1 5 81
599 10520 1 7 67
2830 4459 1 101 140
3642 1559 1 6 74
11086 8563 1 2 34
4138 9523 1 8 90
10599 1010 1 10 93
9213 6845 1 13 93
6558 5033 2 7 68
7401 4868 1 4 32
4865 11295 1 8 73
2096 3679 1 6 93
8424 7069 1 6 70
2776 5325 1 5 56
867 10458 1 15 112
8335 10859 1 10 51
9530 242 2 2 25
10753 5315 1 11 162
5528 140 1 7 108
188 1432 2 12 120
10879 8331 1 7 99
2089 7757 1 19 226
11200 8690 1 9 90
9232 10774 1 19 238
5043 10455 1 3 31
2159 3735 2 1 8
4295 5815 1 19 139
4373 5863 1 7 81
640 11202 1 12 169
2599 975 1 49 108
10970 8424 1 11 159
7664 6064 2 1 12
5817 4345 1 1 12
2109 3659 1 17 154
8949 2521 1 3 45
3703 6185 1 18 118
6313 7923 2 11 101
4870 11333 2 2 17
734 7474 1 18 225
1093 2739 1 21 163
2516 8959 1 44 498
3615 2043 1 1 4
8819 11308 1 15 116
5096 6581 2 10 74
2818 9304 2 6 66
5984 3515 1 29 191
10896 4449 1 1 3
2431 5030 1 14 141
2087 3703 1 1 26
2544 990 1 7 100
10885 4444 2 16 106
5895 4383 1 6 85
4483 10970 1 6 67
1260 2818 2 14 92
8962 10502 2 269 374
2331 7923 2 42 238
4720 7312 1 52 180
8680 7269 1 1 9
3163 626 1 11 62
11204 8625 1 9 13
5312 10795 1 38 105
4746 3163 1 11 90
795 6504 1 5 27
1340 8005 1 18 182
2669 9173 1 36 300
3381 4851 1 70 98
78 5456 1 37 254
3221 4708 1 10 103
9357 4030 1 8 48
8413 10858 1 2 32
5278 2669 2 2 14
6956 8415 2 10 55
902 2548 1 12 120
6718 9150 2 7 70
4526 2931 1 27 287
8902 2353 2 23 199
3608 6083 2 23 64
10846 5346 1 29 237
5067 6680 1 7 71
1678 4209 1 42 58
8381 7055 1 2 19
3192 8641 1 12 67
11167 8596 2 3 50
2866 9219 1 35 205
4786 7230 1 1 18
8721 11340 1 13 143
9536 169 1 4 24
5692 8269 2 154 213
2530 958 1 25 270
3496 1853 1 20 116
2494 971 2 6 69
9502 4106 1 6 88
6970 8456 1 11 94
1616 4236 1 1 8
310 7054 2 8 76
7707 9960 1 25 245
177 9520 1 10 86
10858 4535 1 7 102
8735 11317 1 35 357
4987 6514 1 18 141
5290 6705 1 5 68
49 1340 1 29 213
7963 10247 1 5 37
1313 188 2 7 65
6712 5322 1 12 90
4811 7215 1 6 91
6081 3440 2 4 37
3347 586 1 2 32
2631 5335 1 11 152
4353 9630 1 17 91
3331 585 2 108 150
6971 4576 1 3 53
8251 5531 1 16 160
5161 10441 1 5 65
9399 4137 1 3 34
7135 4466 1 6 83
10856 5288 1 6 94
9247 10658 1 15 93
4043 5437 1 2 41
7724 1931 2 8 85
5421 10713 1 4 50
8601 7393 1 11 63
10741 5208 1 13 54
8784 7271 1 3 36
2681 9282 2 3 55
10801 5270 2 2 23
5408 10717 1 7 60
10658 5347 2 16 86
5313 10623 1 10 74
8193 9357 1 7 88
6761 5336 1 2 20
8412 7151 1 8 69
5140 10414 1 10 121
6639 5022 1 8 122
10798 5266 2 22 245
8529 2977 1 17 120
2658 5347 1 9 110
9315 6805 1 9 96
8010 5579 2 29 157
3691 6348 2 16 107
10015 3528 1 1 13
3382 599 1 16 229
8094 9536 1 27 203
8294 9750 1 12 170
3776 2274 1 1 14
3045 312 2 4 62
4348 1652 1 16 117
9033 10429 1 6 80
7054 4661 1 5 66
4926 7289 1 6 67
6111 3428 1 2 30
7103 318 1 14 70
5394 10715 1 35 386
4218 9683 1 2 31
3099 380 2 32 148
2386 8937 1 31 210
11173 775 2 9 96
8905 10568 1 4 47
7156 4538 1 1 12
7185 4502 1 2 23
2984 496 1 10 142
310 3055 1 2 32
4460 7110 2 5 52
610 11323 2 2 26
10366 8970 1 34 197
9414 230 1 1 8
8957 10390 1 5 71
2440 958 1 35 224
5029 2555 1 11 150
7821 2336 2 1 11
4744 7472 1 29 309
9022 10426 2 14 106
6518 9034 1 5 33
10691 9288 1 7 98
696 3173 1 12 81
1935 3627 2 42 86
3240 753 1 2 36
453 2893 1 9 50
7169 8424 2 95 132
9228 10630 1 9 133
9219 10631 1 26 184
10689 9293 1 11 136
2666 9316 1 199 861
6478 5161 1 1 8
8059 9540 1 1 16
8838 2559 2 6 96
2247 7863 1 4 24
630 7367 1 19 158
134 1458 1 4 55
11201 8760 1 1 19
1528 3960 1 16 64
7690 9822 1 7 64
9045 2380 1 25 348
5278 6867 1 13 97
8752 7303 1 9 104
6185 7956 1 14 99
3285 618 1 20 93
1154 2733 1 14 120
950 6485 1 5 33
2394 962 1 7 47
2559 822 2 1 6
761 11108 1 6 37
7207 8796 1 11 160
9246 2699 2 24 217
9932 7593 1 5 64
8250 1284 1 4 56
8457 11001 1 24 201
8851 10538 1 7 59
3509 9936 1 5 45
3011 411 1 6 84
307 3090 1 36 264
11065 4469 1 7 67
8997 6488 1 6 87
4371 9590 1 3 46
2864 1010 1 7 53
3797 10213 1 2 36
4866 7263 1 7 63
10386 9018 2 2 30
4128 1293 1 61 718
2669 1199 2 6 50
4384 5695 1 5 33
4098 1335 1 2 39
8459 10970 1 10 100
4646 6978 1 11 153
314 3101 1 13 96
2788 5265 1 10 90
9039 6439 1 1 22
2122 3460 1 23 218
6910 5151 1 6 67
3594 2247 1 6 83
8848 6723 1 56 237
7865 1946 1 1 8
6766 4987 1 6 45
9641 8120 1 18 152
7712 2287 2 1 3
7702 2296 1 11 88
2291 7699 1 1 21
10997 686 2 13 108
7573 10160 2 1 11
5253 6540 1 7 94
9310 2594 1 7 82
1088 2410 2 12 117
4772 7078 1 1 20
9117 2370 1 70 129
4639 11340 1 26 145
3636 10330 2 2 22
7152 744 1 5 38
8059 5690 1 8 104
2399 1053 1 84 195
9948 3808 1 4 52
7152 4902 1 4 33
1581 3974 2 9 98
3428 10085 2 1 7
6743 4979 1 7 107
6609 5357 1 18 111
9083 2399 1 15 136
5315 6591 1 13 186
9186 10457 2 7 48
2931 8616 1 10 101
7805 5964 1 12 122
104 1684 1 11 146
2499 5304 1 14 199
2245 3593 1 3 37
4866 7169 1 2 24
3569 2203 1 23 146
3136 734 2 8 83
2308 7690 1 12 83
3500 2181 1 5 60
8331 3189 1 3 28
4058 9724 1 11 136
204 5895 1 20 219
7371 395 1 8 96
9557 37 1 68 338
11297 8553 2 3 29
8063 1560 1 8 123
1702 4090 1 2 23
4425 3188 2 6 42
2985 654 1 52 256
808 2658 1 3 43
1815 4135 1 13 60
3304 4599 2 2 25
7593 2139 1 17 207
9293 6676 1 7 101
3281 450 1 2 39
7573 6280 1 1 7
9706 4055 1 11 162
4100 1697 2 1 10
4539 7279 2 4 52
8606 6977 2 5 45
2448 9157 1 28 106
1730 154 2 14 78
8487 3319 2 2 25
1689 4102 2 5 74
8259 9326 1 10 147
9635 3942 1 9 100
10361 1088 2 6 23
400 3352 2 5 66
5272 6463 1 32 96
5033 10639 2 14 131
6853 9025 1 8 76
7266 8447 1 8 82
4282 1296 1 7 82
9295 10489 1 3 34
7750 2249 2 4 30
349 11123 1 7 103
2618 866 1 17 245
4726 3011 1 1 25
41 9665 2 5 52
4566 3341 1 21 151
1800 8193 1 8 61
1802 4099 1 25 117
8797 3072 1 3 32
2799 9022 2 15 87
1825 4082 1 12 169
1130 10559 1 8 72
5311 10551 1 34 154
9211 2557 2 1 6
8585 7072 2 32 329
5571 4349 1 5 62
7027 4760 1 30 120
5312 2584 2 21 123
4851 3114 1 8 80
1207 2515 1 19 199
9656 10 1 10 152
3980 5688 1 3 29
1992 7957 1 1 17
11199 4426 2 10 99
7694 2258 1 12 64
8644 10914 1 20 112
4371 9470 1 52 72
6489 9132 1 3 19
9609 3980 1 18 256
2366 1093 1 19 49
1716 215 1 49 462
11172 4466 1 2 29
5486 8261 1 2 29
10559 9234 1 38 151
4202 5520 2 13 154
10631 8910 1 15 194
11131 4507 2 9 137
9138 2545 1 5 58
10556 5262 2 11 74
4052 5670 1 9 136
11218 4426 2 12 159
6462 9221 2 2 27
5325 2356 1 8 94
5133 2693 1 6 72
3189 8497 1 9 91
5388 2417 1 7 52
2469 5424 1 45 79
10767 817 2 47 166
4828 10876 2 25 180
1354 4402 1 7 68
8949 10626 1 2 35
3951 1699 1 13 182
171 1588 1 16 114
4168 1652 1 3 27
2759 4961 2 1 8
1800 4030 1 7 97
6172 7844 1 3 31
1613 4135 1 47 254
3969 1712 1 28 154
4165 1643 1 6 69
4138 1678 1 7 70
2661 5088 2 1 1
3974 1721 1 12 121
1135 6461 2 3 33
7230 8460 1 20 111
10766 822 2 1 3
11223 307 2 7 73
8903 2873 1 12 165
3679 9980 1 12 87
2412 5408 1 2 33
6779 971 1 16 81
8910 2866 1 2 24
1706 57 1 3 44
4373 9428 1 2 41
10531 1114 2 38 400
5279 10551 2 10 134
8956 6740 1 1 13
467 11201 1 1 7
7110 562 2 6 71
6636 5292 1 13 193
5388 10465 1 2 23
7575 2321 1 1 6
8959 6734 1 1 12
5047 6881 1 8 104
2394 1135 2 12 109
11006 626 1 9 60
1152 6527 1 2 22
4083 9658 1 16 128
3717 2053 1 7 68
9745 7999 1 2 23
1659 4099 1 8 73
867 2792 1 7 72
4868 6964 1 4 40
3232 4582 2 8 35
6485 9315 1 16 70
7911 9899 2 9 116
7393 380 1 8 77
4849 7083 1 5 70
10751 853 1 9 111
11322 314 2 4 19
5988 7889 1 6 91
462 11118 1 8 94
8412 7337 2 8 88
5699 8250 1 3 17
3417 2282 1 2 25
8180 1649 1 5 72
5346 10462 1 7 60
9734 104 1 6 51
6392 7548 1 49 106
302 7470 1 3 37
10317 7493 1 17 170
4939 6902 1 4 41
5667 215 1 152 1367
10485 5253 1 8 116
5784 4077 1 3 53
674 2978 1 4 39
3632 2067 1 9 126
2266 7520 1 6 79
7770 10060 1 6 77
9681 115 2 12 124
7113 4746 1 1 17
7500 2319 2 17 49
8637 7129 1 11 163
3808 9905 1 8 75
5673 240 1 91 205
7227 4660 1 1 17
770 6991 1 7 81
7695 6211 1 1 4
78 9706 1 11 135
1174 6540 1 9 107
5362 2431 1 11 124
1636 4088 1 7 90
9261 6488 1 7 66
6358 7537 1 3 46
8457 11226 1 17 94
3776 1963 1 1 11
8990 6781 2 20 141
9154 10502 1 10 92
163 1643 1 18 125
10502 5265 2 8 48
10717 5054 1 16 156
9727 3990 1 16 161
2038 963 1 2 33
3049 8160 1 1 9
2310 9297 1 10 81
9421 375 1 3 36
807 9833 1 16 105
10317 9295 2 10 149
3842 10774 1 6 93
4395 11333 1 8 110
2699 7825 2 7 79
10528 7677 1 102 141
1516 4658 1 11 82
7135 4090 2 4 47
5670 4703 2 7 89
7863 6830 2 22 194
8566 1526 1 26 117
10039 5158 1 19 213
4274 7307 2 5 67
5096 9983 2 15 164
5088 6099 2 1 10
746 9751 2 19 45
6634 7662 1 5 76
9419 4515 1 1 7
2549 3627 1 7 59
6715 7763 1 17 123
7537 10389 1 56 79
7267 4218 1 4 35
5821 4857 1 2 33
307 1313 2 1 15
1644 586 2 1 17
5151 10068 1 8 82
11196 4246 1 29 220
2666 7770 1 35 399
3600 2499 1 8 116
2109 5184 1 1 11
7606 6543 1 73 101
819 9803 2 1 8
4158 11047 2 5 81
1539 567 1 3 48
2243 5305 1 1 22
152 3083 1 4 58
6688 7687 1 11 85
7115 8161 1 7 73
957 10041 1 1 25
6510 7612 1 18 228
5424 2266 1 2 37
5073 1972 1 6 96
9513 4643 1 10 104
6748 3783 1 1 14
8752 5912 1 6 55
4282 7253 1 7 97
9932 5133 1 46 329
4658 9468 2 3 30
1177 10330 1 3 49
6967 8075 1 95 269
2101 9157 1 4 59
786 1902 1 9 123
6009 8848 1 12 31
4903 5830 1 1 22
10512 7750 1 1 2
585 9656 2 5 70
7868 6748 2 1 9
10160 1019 2 14 110
3339 4395 1 15 116
6875 3882 1 17 99
5473 8437 1 28 211
115 7024 2 13 43
7520 2469 1 2 37
4265 7215 1 7 104
211 3039 1 24 96
7827 2613 1 8 73
10068 5077 1 12 113
1193 2238 1 3 22
5177 9946 1 1 15
4134 7142 2 14 201
2067 1107 1 44 113
7746 2499 1 4 43
9726 734 1 11 46
7103 4170 1 80 149
7575 2398 1 1 7
5817 761 1 12 117
5706 4743 2 2 27
5725 8637 2 5 45
358 1277 1 55 119
7600 6439 1 39 195
2321 1152 1 3 20
963 6089 2 12 168
3517 10363 1 12 146
912 2041 2 20 76
5909 4811 1 3 43
10795 3735 2 46 200
6971 4052 1 5 75
9746 8644 1 20 196
7016 4082 1 69 106
3612 2410 1 1 9
1616 731 1 49 227
7699 10429 1 12 143
6820 3923 2 24 33
9138 10300 1 7 99
1174 2127 1 6 88
4383 3221 2 16 108
6360 5259 2 2 11
1107 10334 1 27 138
6847 3666 2 38 401
2864 7841 1 16 140
1532 4823 1 251 1379
3689 10741 1 2 34
8553 1384 1 3 16
4276 7472 1 7 98
88 7156 1 56 422
9304 2181 1 15 216
2567 7558 1 13 52
10363 7628 1 1 22
8907 10060 1 13 99
9734 4702 1 11 82
6368 9173 2 1 15
6436 7653 1 35 149
10111 1134 1 12 166
527 1724 1 9 124
1340 513 1 17 248
5341 10083 1 5 70
3088 3942 1 1 9
2038 5039 2 2 15
9157 2306 1 15 126
9280 10172 1 13 162
5313 10132 1 9 68
10568 7575 1 17 249
7130 8001 2 5 75
3872 10692 2 41 351
7623 6489 2 13 59
5481 8459 1 13 125
4608 9323 1 38 140
1972 805 1 16 218
618 9783 1 5 60
1962 817 1 34 190
9590 4826 1 17 106
7841 10821 2 17 246
807 6146 1 18 224
4003 7103 1 5 28
6013 8957 1 9 98
5421 2119 1 4 31
153 7054 1 11 113
2159 5312 1 20 147
7903 2744 1 55 764
625 5797 2 11 64
5696 8816 2 5 67
9045 9845 2 13 153
8514 5524 2 4 62
726 1560 1 5 76
9108 10328 1 18 87
6006 5061 1 13 194
1514 4469 1 17 54
3309 8256 1 22 235
7777 6881 1 5 31
5962 9048 1 1 6
4148 2891 1 3 20
5948 994 2 1 2
242 6978 1 5 65
5340 2132 2 5 78
1673 8713 1 13 85
4485 1432 1 6 84
73 7117 1 6 50
9034 9827 1 9 81
10185 5328 1 11 64
2750 3776 1 1 3
3854 2703 1 12 85
1459 341 2 8 52
2613 3881 1 27 205
1961 8929 1 3 21
10911 222 1 15 158
418 5533 1 1 25
5895 4708 1 6 81
4398 7233 1 28 179
7185 8033 1 1 20
242 6956 1 39 170
8538 5462 1 6 93
2517 3481 1 10 87
596 5828 1 10 95
9520 8359 1 8 74
9914 898 1 17 108
7110 4015 1 3 55
4355 11054 1 22 209
7668 2799 2 59 82
10980 4308 1 23 129
7724 2855 2 17 78
9462 8711 1 14 196
10462 3790 1 4 46
555 9361 1 5 53
9022 6397 1 7 82
7215 13 1 10 126
3218 73 1 2 28
3376 4148 1 12 167
5231 9859 2 5 62
6102 9258 2 5 66
2691 7553 1 9 113
7690 10803 1 4 62
9557 4430 1 2 40
7427 4133 1 5 74
4015 7318 1 8 87
10774 7646 1 1 22
4170 3386 2 26 269
994 2299 2 1 8
7234 8001 1 16 169
9536 4912 1 19 123
781 6207 2 14 78
9745 484 1 24 33
4384 7146 1 12 102
4173 3376 1 268 372
3627 10845 1 11 118
3936 7248 1 15 121
2176 8894 2 5 60
6328 895 1 16 125
1284 8625 1 11 65
5007 2172 2 10 84
3422 6739 2 7 94
385 5822 1 7 59
5322 9986 1 1 8
5354 6083 1 16 125
2031 1260 2 2 27
4414 7161 1 18 214
9386 4786 1 16 133
10024 1207 2 6 66
3363 8230 1 8 77
6076 5349 2 126 187
2974 8292 1 2 41
7207 8067 2 18 72
2665 7493 1 1 25
1376 8637 1 21 179
6925 3632 1 7 103
6667 3872 2 12 90
6210 808 1 2 31
24 3184 2 1 10
8331 9629 1 18 260
6781 7500 2 76 634
2704 7511 1 13 180
7855 10392 1 8 122
6826 7548 1 16 223
3990 7212 1 5 52
10442 3697 2 1 12
2771 7712 2 1 16
3440 10684 2 151 374
7442 167 1 6 57
5632 8739 1 4 39
11129 4006 1 7 86
8308 10909 1 8 65
7578 6718 2 4 58
1652 4475 1 1 21
7229 8075 1 1 10
4459 9674 1 4 61
4383 3029 1 18 257
6781 7507 2 3 48
8632 9352 1 17 104
1224 1992 1 2 11
3489 6715 1 19 154
6436 3764 2 1 15
8577 9403 2 3 49
1100 9808 1 10 89
10000 9216 1 3 38
9534 8742 1 26 220
9204 10028 1 16 160
8161 3407 1 4 54
587 1291 1 18 150
2703 7542 2 2 16
3597 10814 2 11 86
1311 626 1 31 288
2547 3831 1 6 85
3791 6463 1 14 191
5863 425 2 2 26
1061 1919 1 3 40
8148 11322 1 16 167
8705 1502 1 27 193
5151 10269 1 15 193
5506 555 1 7 87
660 9335 1 1 9
6724 3509 2 70 546
11317 4083 1 8 120
4444 9643 2 1 20
8601 1350 2 15 137
5393 9970 1 3 24
870 2101 1 10 143
2176 795 1 1 11
359 5675 1 4 60
5784 8566 1 21 102
870 2306 1 5 53
2701 7705 1 4 42
10798 7558 1 3 32
166 7234 1 8 124
3640 6808 2 4 30
6092 1036 2 4 55
513 9670 1 1 20
7383 3960 1 12 155
6740 3569 1 4 60
4754 5600 1 1 8
1903 9293 1 16 159
2581 7865 1 2 30
5917 8437 2 12 169
2121 8971 1 5 67
7875 6455 1 73 715
841 10317 1 41 56
10599 7653 1 10 101
9808 9234 2 27 246
2139 9022 1 1 17
1809 8412 2 7 105
6409 5007 2 7 67
2829 7605 2 13 168
9268 1934 1 11 94
5152 6291 1 12 131
9833 9247 1 3 36
5737 4639 1 2 13
10630 7633 1 18 121
8511 5664 1 152 820
5456 4839 2 132 184
586 1526 2 9 126
7687 6830 1 6 91
7983 6516 1 4 25
4015 7427 1 20 230
6436 3854 1 14 204
2703 3642 1 25 250
2258 784 1 15 212
2829 3517 1 4 39
3515 2829 2 7 84
7511 2831 1 109 152
10024 9083 1 7 62
1103 9951 2 47 97
7542 2864 1 32 147
10181 5101 1 13 112
717 5543 2 79 110
6183 8997 1 10 93
3288 78 1 2 37
8001 7401 1 10 129
6235 997 1 7 102
9946 9155 1 3 36
9079 6135 2 4 50
1310 4931 1 3 42
4932 1306 1 9 103
4620 9579 1 21 293
1276 8763 2 57 80
7486 2831 2 4 41
2733 7664 1 7 33
5979 1224 1 15 130
8308 3059 1 15 216
8637 5569 1 18 201
1997 1107 1 22 280
7671 2726 1 3 21
2468 7901 1 15 125
2296 781 1 7 110
6315 5007 1 9 91
10044 9108 1 21 167
7128 4287 2 10 150
2871 3450 1 4 27
177 7326 1 6 42
8040 3401 2 1 6
4828 1326 1 14 117
3326 3995 1 18 169
4201 3136 2 6 66
3980 3321 1 2 34
7367 3989 1 32 138
1572 8529 1 25 267
3975 11304 2 253 365
1026 6180 1 6 50
4449 1813 1 1 17
819 6386 1 4 30
2096 9028 1 14 152
8511 1616 1 6 39
2119 941 1 1 25
9907 1154 1 12 132
324 9746 1 1 4
5864 8361 2 1 4
2799 3481 1 18 177
5099 6266 2 2 8
792 10334 2 7 80
718 5490 1 24 221
4133 3188 1 22 149
448 9630 1 8 49
5247 9624 1 18 165
1353 5029 1 24 99
4098 10513 1 2 32
7593 7065 1 1 10
8851 5469 1 15 140
4365 6909 2 47 161
10304 726 1 42 212
4348 6901 1 15 217
10825 4353 1 9 94
2412 4010 1 11 144
4609 9960 1 9 85
8256 10679 1 9 50
1761 5393 1 1 18
4736 6210 1 39 542
1238 1817 1 1 7
6358 745 1 5 53
3702 7266 1 68 95
6609 150 1 3 26
3363 7983 2 5 75
4021 2416 1 1 8
2792 4295 1 5 59
5866 5424 1 1 11
3923 3364 1 2 25
2172 587 1 18 135
7825 3274 1 10 146
9258 5812 2 28 236
7970 7407 2 1 4
6266 658 2 7 52
5258 9670 1 1 17
1712 5318 1 19 126
6518 8133 1 3 46
6541 4021 1 14 183
7175 3628 2 1 8
6291 8632 1 21 166
6953 4352 1 11 103
3352 3906 1 23 262
10015 4639 1 7 30
5937 321 1 1 15
2886 7552 1 3 30
859 5522 2 69 131
5311 9745 1 13 182
7269 7868 1 16 178
9921 4620 2 1 5
4912 10242 1 21 148
3882 11256 1 46 64
5393 1708 1 26 147
9621 9066 1 20 278
10120 8683 2 11 50
6544 24 2 1 2
7713 10997 2 36 186
6190 4744 1 3 52
5667 5270 1 64 801
7126 7743 2 25 350
8848 9396 2 17 236
10270 8797 1 75 197
3417 7055 1 3 15
9917 301 1 30 174
6853 4410 1 18 230
4979 5522 1 7 104
10658 8292 1 14 175
6462 73 1 20 239
5394 9686 1 15 75
1666 9093 1 1 20
1595 9175 1 37 219
5708 1090 2 6 29
9833 4539 1 3 33
4839 10296 2 7 70
11039 3575 1 16 95
7142 7713 2 14 191
4088 2548 1 4 64
3002 7511 1 6 19
7542 2981 1 10 92
8202 6609 1 6 59
6111 481 1 9 125
4744 2115 1 10 145
2441 8016 2 3 43
4308 6925 1 5 52
4961 9414 1 1 8
8872 5496 2 12 167
2556 171 1 16 126
3801 3392 1 18 172
2291 4839 2 8 118
7134 7687 1 20 169
8971 5617 1 6 55
7757 3269 1 5 28
784 1373 1 4 63
3936 10461 1 36 81
4363 6868 1 5 40
10613 4274 2 11 67
5259 1587 2 1 2
10513 211 1 45 142
1689 9316 1 28 294
9197 1825 1 10 129
2555 8094 1 103 144
958 9399 1 33 222
6295 8819 1 2 26
6102 312 1 1 17
9670 5421 1 2 27
9326 5054 1 7 68
10791 4251 2 6 59
11333 7848 2 2 31
9066 5797 1 6 38
6551 4158 2 29 78
4526 6177 2 7 74
485 1918 1 36 109
7623 6964 2 2 20
8405 10020 1 62 86
2043 371 1 1 8
6348 8606 1 9 108
3201 7946 2 5 45
7129 7549 2 7 56
1817 5278 2 3 19
10482 3951 1 32 245
6259 727 1 19 264
1680 1231 1 8 124
11054 7573 1 20 96
8612 10214 1 24 64
8335 1978 1 16 129
1560 5372 1 40 152
6991 7675 1 27 79
1414 4987 1 5 65
6379 4772 1 4 44
1811 1077 2 1 9
5389 9669 2 19 192
7606 7146 1 48 393
667 2122 1 11 122
10490 8040 1 4 33
10358 8193 1 19 133
2132 770 1 18 89
6667 85 1 3 52
744 10167 1 1 15
5522 5146 1 14 99
157 10392 1 5 55
4522 9970 2 4 57
5600 4939 1 6 44
11117 7956 1 31 253
9319 1600 1 24 213
8005 6646 2 5 61
9822 481 1 12 106
2380 4148 1 20 161
3936 6639 1 25 192
10457 177 1 16 127
6514 4047 1 4 43
10859 7694 1 11 67
10509 115 2 1 7
10178 696 1 2 13
3960 2578 1 15 142
2594 3969 2 1 11
6510 4048 1 30 283
8838 9494 2 2 11
1019 5875 1 1 7
8953 1330 2 1 8
2584 3975 2 27 186
6171 8359 1 9 124
587 6315 1 5 47
9025 1313 2 14 50
9454 865 2 3 54
4055 6504 1 2 26
5288 9711 1 3 52
6960 3624 1 23 265
8497 9917 1 44 235
1623 1135 1 30 284
6208 773 1 28 213
4138 10399 1 4 21
1697 1088 2 12 118
10631 4352 1 7 62
6461 4170 2 3 26
7506 11087 1 9 136
11237 7868 2 1 7
7699 10909 1 6 87
11200 7871 1 14 133
7763 11326 1 3 40
11217 7856 1 5 26
2460 166 1 8 123
5482 9014 1 7 89
5771 9204 2 2 28
7753 11336 1 13 107
7873 11197 2 1 4
10892 7706 1 7 54
85 2505 1 32 174
7805 11295 1 36 154
293 2026 2 2 35
6733 4370 1 8 26
2398 204 1 8 93
10205 654 1 120 433
2542 57 2 14 201
10715 4312 1 30 397
4043 10461 1 19 183
9683 5301 1 10 75
2557 41 2 7 104
40 2556 1 3 45
4402 2632 1 5 46
6762 4350 1 9 53
3500 7128 1 13 135
3319 3753 2 13 194
9316 1532 1 91 834
10153 8746 1 30 256
6313 4566 1 7 67
1825 1004 2 1 18
4495 6259 1 2 24
9865 587 1 10 114
8259 2413 2 3 39
8415 6262 1 12 175
8669 9907 2 8 94
3691 6977 1 3 16
4432 2067 1 8 100
5708 833 1 28 219
2697 4010 1 20 166
9023 9779 2 5 60
347 10162 2 15 96
2282 464 1 2 28
7054 3749 2 8 52
2738 122 1 7 68
593 9891 1 2 21
1687 8953 1 1 7
1686 8952 1 4 47
8995 1773 1 23 256
7208 7506 1 12 121
2087 8323 2 50 69
781 5679 1 12 76
9748 950 1 8 82
6207 4425 1 110 189
1528 9304 1 13 96
2071 293 2 22 284
100 2744 1 47 290
917 9681 1 8 76
3995 10710 1 74 103
4050 2794 1 2 18
9028 9750 1 12 158
4620 6392 2 1 14
658 9891 2 1 18
5414 5617 2 1 6
2255 411 1 9 99
4962 1595 1 68 95
1699 8967 1 16 205
6370 4643 1 13 161
4398 2544 1 10 136
8259 10455 1 11 161
9711 898 1 5 28
866 1661 1 9 117
1327 9173 1 8 111
9048 9748 1 110 153
10330 4617 1 14 96
481 2308 1 12 112
4240 2463 1 31 238
2613 8063 1 8 44
5571 5328 1 20 66
10936 3783 1 1 11
9748 9042 2 25 191
4499 2176 1 3 31
8269 2461 1 37 240
9297 9513 1 116 162
7707 3382 1 27 301
5944 8612 1 5 73
4507 10103 2 10 71
8292 6475 1 2 34
6573 4236 1 36 123
4957 5752 2 1 6
3969 10711 1 12 151
8721 10015 1 19 149
10751 4134 1 36 354
10189 314 1 7 88
5231 9431 1 1 22
11065 3825 1 4 54
2821 8148 1 6 79
1745 9033 1 15 215
8359 6286 1 44 249
2437 4191 1 4 57
4102 2871 1 17 97
166 10803 1 7 68
4097 2855 2 29 104
8982 1800 1 3 46
8990 1808 1 9 65
6337 521 1 11 99
2034 675 2 15 173
2759 230 2 1 8
1442 1260 2 1 5
540 1890 1 3 53
10892 7869 1 2 15
5850 5073 1 2 32
10753 8203 2 11 141
8173 2871 1 2 30
10933 3666 1 2 21
10228 472 1 9 79
5288 1275 1 13 187
869 9554 1 35 299
2763 4165 1 6 32
4432 10178 1 14 158
10613 134 1 12 175
5388 1434 1 8 62
10062 8715 1 12 128
6432 4282 1 14 196
9899 8585 2 11 78
3790 6961 1 19 62
8460 6418 1 17 80
6464 4276 1 25 164
9034 1686 1 6 66
763 9951 1 22 177
4317 6667 2 10 122
8282 10383 1 5 58
521 10207 1 20 259
11218 7742 2 3 28
1513 1152 1 29 259
10450 4398 1 9 131
5834 4982 2 39 87
5875 861 1 19 101
5061 5662 1 11 156
5039 1810 1 43 138
6386 4502 1 6 69
7673 11148 2 26 184
7860 11086 1 4 51
4599 10129 2 18 255
1928 8796 1 1 7
5776 9023 1 42 256
3697 7126 2 9 91
4365 6541 1 2 31
10081 8460 1 8 77
1684 990 2 105 146
8482 2095 1 7 21
667 9813 1 24 119
7742 11198 2 1 3
5022 9748 1 11 93
3382 7612 1 4 28
7742 11199 2 2 28
1350 9268 2 29 140
4961 1697 2 16 233
5061 5676 1 6 63
8635 10019 2 7 50
6733 4098 1 1 10
1486 9138 1 13 146
5707 8967 1 6 80
321 2245 1 2 34
4661 10174 2 6 57
411 10083 1 12 58
5270 9496 2 3 19
10163 4614 1 8 73
10414 4367 1 4 61
5543 1227 1 8 111
5486 9232 1 98 192
10665 222 2 32 312
5625 9197 1 15 52
1643 8997 1 14 96
2089 4604 1 12 161
6418 344 1 6 65
3363 7605 1 14 151
9326 5336 1 21 156
7520 11218 2 5 72
150 2649 1 4 65
9431 5398 1 3 35
10900 3801 1 6 86
3764 11083 2 27 170
301 10203 1 9 59
11127 7675 1 7 93
8142 2649 1 31 134
5077 1588 1 16 160
10096 455 1 9 125
5481 1154 1 38 72
14 10757 1 5 48
8160 2647 1 5 78
4027 10795 2 34 437
4047 6766 1 18 133
8148 2660 1 16 109
8193 2617 1 146 202
9652 5151 1 16 114
731 1942 1 1 8
11182 3636 2 3 53
8203 2729 2 4 41
7037 7983 1 7 73
555 6076 1 20 270
2203 4473 1 4 61
3522 3356 1 4 64
2594 4246 1 13 188
1944 4866 1 1 18
1159 5456 2 19 120
2469 4347 1 5 65
9018 1644 2 1 21
5855 5047 1 10 62
4201 10556 2 10 149
5335 9406 1 6 61
6291 448 1 14 103
211 2618 1 1 14
1918 4828 2 32 224
1810 825 1 9 34
1193 9330 1 1 11
5357 5533 1 8 74
4451 2291 1 8 64
5992 677 1 46 290
9261 5437 1 8 111
6928 37 1 4 36
4841 9898 2 26 213
1036 1516 1 29 143
636 1972 1 1 23
6591 8282 1 17 129
6064 623 2 11 124
7841 7131 1 5 44
1026 5595 2 62 182
5052 1623 2 2 15
1890 4818 1 2 33
7633 11167 2 11 154
2263 4446 1 1 22
9554 5147 1 10 142
3401 3442 1 12 97
10864 7957 2 9 128
2099 4616 1 43 142
7549 11323 1 71 160
4617 2101 1 9 117
1935 4849 1 6 84
3455 11336 1 5 50
380 10232 2 26 285
4466 2282 1 7 100
10194 8482 1 1 17
818 9747 1 2 21
4410 10366 1 8 120
11182 7668 1 12 106
10833 3939 1 14 198
2981 3854 2 3 22
6009 4851 2 15 213
10861 3881 1 13 134
9468 5247 1 17 75
2158 450 1 4 62
2282 8381 1 1 11
2017 4720 1 25 221
4722 10000 1 22 39
11215 3515 2 6 77
10458 4295 2 1 8
2266 8366 1 12 110
4209 2578 1 15 213
5696 5146 1 51 243
3267 7623 2 4 58
5690 950 1 11 71
1260 5443 2 3 37
10181 418 1 4 23
2101 8552 1 8 120
902 9652 1 10 151
869 9700 1 11 90
1588 5133 1 5 78
3552 7312 1 3 52
1680 895 1 3 38
9403 1162 2 20 128
312 6369 1 4 38
792 1809 2 1 11
